session_id,ecephys_unit_id,group,ecephys_structure_acronym,unit_split,spatial_model,released_azimuth_rf_deg,released_elevation_rf_deg,released_area_rf_deg2,released_width_rf_deg,released_height_rf_deg,axis_center_x_deg,axis_center_y_deg,axis_sigma_x_deg,axis_sigma_y_deg,axis_area_deg2,axis_train_deviance,axis_test_deviance,axis_censored,axis_edge_distance_deg,rotation_center_x_deg,rotation_center_y_deg,rotation_sigma_major_deg,rotation_sigma_minor_deg,rotation_angle_deg,rotation_axis_ratio,rotation_area_deg2,rotation_train_deviance,rotation_test_deviance,rotation_test_gain,rotation_train_gain,rotation_sigma_lower_bound,rotation_sigma_upper_bound,axis_parameters,rotation_parameters
744228101,951766053,V1,VISp,evaluation,aperture,20,10,300,6.0045474,10.666585,-27.8892888,-0.420050583,8.42781059,2,73.4091324,0.706684587,0.849581248,True,12.1107112,-27.7228068,-0.408000025,8.61321758,2,1.63734922,4.30660879,75.0240912,0.704533461,0.843122674,0.00645857435,0.00215112555,True,False,"[0.04720784619590523, 1.5834585994389734, 1.7428712075541601, 2.638176218908627, -27.889288803731663, -0.4200505832499969, 8.427810586791246, 2.0000000000000027]","[0.04673726251545793, 1.565716670766751, 1.722916937070388, 2.630147267064872, -27.72280677738728, -0.4080000248657746, 8.613217576695481, 2.0000000000000004, 0.028577134821511585]"
744228101,951766053,V1,VISp,evaluation,point,20,10,300,6.0045474,10.666585,-28.2456473,-0.862111497,9.11713456,5.23491414,207.861117,0.708564581,0.849982768,False,11.7543527,-28.2625315,-0.879229984,9.08222541,5.22599107,-0.658721002,1.73789532,206.712276,0.709015238,0.851432894,-0.00145012584,-0.000450656569,False,False,"[0.0526818666602971, 1.8617919562185596, 2.1444251286813816, 3.253136504824099, -28.24564727476146, -0.8621114968561618, 9.117134556564706, 5.234914141997783]","[0.052825162441753414, 1.8693184790717714, 2.15335537719648, 3.2617768513159295, -28.262531534124772, -0.8792299841102753, 9.082225413346338, 5.225991074253613, -0.01149685033143566]"
744228101,951766086,V1,VISp,calibration,aperture,70,10,500,20.237238,39.285283,16.1258747,-0.429073228,14.682232,4.30926467,275.550104,0.420945795,0.478952761,False,23.8741253,,,,,,,,,,,,False,False,"[0.03838910120571634, 0.2555347996480962, 0.2952328092762364, 0.19616968472038082, 16.125874659660703, -0.4290732280801012, 14.68223195262427, 4.309264665038642]",[]
744228101,951766086,V1,VISp,calibration,point,70,10,500,20.237238,39.285283,16.0532295,-0.493026878,15.5707104,7.19133548,487.666929,0.420501839,0.478629845,False,23.9467705,,,,,,,,,,,,False,False,"[0.03784343696877924, 0.25956189730642537, 0.2991648476264211, 0.19696864735305541, 16.053229511231073, -0.49302687790257843, 15.570710373540669, 7.191335476754027]",[]
744228101,951766122,V1,VISp,calibration,aperture,60,20,100,4.4135684,7.9728192,8.44569452,10.2453545,5.15114957,2,44.8682866,0.0813347834,0.20910231,True,29.7546455,,,,,,,,,,,,False,False,"[0.0013946979339107927, 6.569741039033793e-23, 0.07320188678438672, 0.5089932822453411, 8.44569452205609, 10.245354545901854, 5.151149566526224, 2.0000000000000004]",[]
744228101,951766122,V1,VISp,calibration,point,60,20,100,4.4135684,7.9728192,8.82558112,10.8682836,6.9167467,4.06929546,122.581921,0.0791563483,0.186625879,False,29.1317164,,,,,,,,,,,,False,False,"[0.0029336830171205336, 4.796382149773578e-14, 0.05616279663484561, 0.7260762128911717, 8.825581119970424, 10.868283617528972, 6.916746700126337, 4.069295455728071]",[]
744228101,951766149,V1,VISp,calibration,aperture,75,20,200,6.2913644,6.8420352,22.0646372,7.94657499,3.63124778,2,31.6294186,0.148935554,0.0813348177,True,17.9353628,,,,,,,,,,,,False,False,"[0.009659543755818421, 0.022057400793897793, 0.09383883952322858, 0.2435616781372774, 22.064637204419494, 7.946574986294608, 3.631247781069162, 2.0000000000150044]",[]
744228101,951766149,V1,VISp,calibration,point,75,20,200,6.2913644,6.8420352,22.4479134,5.54936281,6.82557641,2.94782628,87.6287361,0.148818458,0.0809741294,False,17.5520866,,,,,,,,,,,,False,False,"[0.009710224785168075, 0.09080360745770745, 0.3377357815259188, 0.8898058865928512, 22.44791336220946, 5.549362808896344, 6.825576406613987, 2.947826278144638]",[]
744228101,951766175,V1,VISp,calibration,aperture,62,16,500,37.92354,36.925214,-29.9634648,52.3800524,2,2,17.4206887,0.998633188,0.899182669,True,-12.3800524,,,,,,,,,,,,False,False,"[0.14384270878848157, 6.991169391930807, 0.6154295420839121, 3.064763762962074, -29.963464803447128, 52.38005235183722, 2.0000000000000004, 2.0000000000000004]",[]
744228101,951766175,V1,VISp,calibration,point,62,16,500,37.92354,36.925214,-30.0780316,36.850693,2.08202223,3.72456061,33.7726965,0.996967427,0.902261124,False,3.14930698,,,,,,,,,,,,False,False,"[0.14297020037132327, 1.0605357328648721, 0.07390258260054795, 0.36844549626398343, -30.07803160856694, 36.850693019440214, 2.0820222312986183, 3.7245606053682745]",[]
744228101,951766189,V1,VISp,evaluation,aperture,55,15,400,12.30635,16.935852,3.83118248,1.67684603,8.27269189,5.64488832,203.379668,0.962278772,1.08314486,False,36.1688175,4.03365179,1.86633009,8.89693658,5.40990267,21.5428763,1.644565,209.621235,0.958943188,1.08468871,-0.00154384705,0.00333558425,False,False,"[0.1299499625616742, 1.8924298989961605, 0.9903421333672809, 1.1463181512051734, 3.8311824795234597, 1.6768460316537717, 8.272691892991606, 5.644888316594724]","[0.1284371675611658, 1.8677614585330182, 0.9883008794036645, 1.1291052826774248, 4.033651785137068, 1.8663300946441832, 8.896936583255416, 5.409902667452465, 0.37599412253284337]"
744228101,951766189,V1,VISp,evaluation,point,55,15,400,12.30635,16.935852,3.83004274,1.69552261,9.74050506,7.66403553,325.120471,0.962064333,1.08309609,False,36.1699573,4.05184223,1.85618161,10.289824,7.37736832,21.2021943,1.39478247,330.609053,0.959016668,1.08456405,-0.00146795667,0.00304766518,False,False,"[0.1294712936681827, 1.9863239687708218, 1.0414662657739406, 1.195163154245563, 3.8300427417551246, 1.6955226107498704, 9.740505059012497, 7.664035531376447]","[0.1284023779956183, 1.9805299518824777, 1.0478380776113325, 1.1885029445411872, 4.051842230487912, 1.8561816077049165, 10.289823992434082, 7.377368316305301, 0.37004809985086307]"
744228101,951766210,V1,VISp,evaluation,aperture,60,50,100,40.987274,456.30006,-0.167591939,24.9111724,2,2,17.4206888,0.153426804,0.162839739,True,15.0888276,-0.16802152,24.913056,2,2,-71.6918681,1,17.4206887,0.153426597,0.162839504,2.34987911e-07,2.07448928e-07,True,False,"[0.011699001288202341, 0.10243349890796269, 0.024014813037792404, 4.780904762288958e-40, -0.16759193868056563, 24.911172441700995, 2.0000000000000004, 2.0000000034983745]","[0.011698817115934936, 0.10242956614130236, 0.024034194171037568, 1.268669484264049e-16, -0.16802151995832076, 24.913056019794666, 2.000000000004612, 2.0000000000000626, -1.2512591446426808]"
744228101,951766210,V1,VISp,evaluation,point,60,50,100,40.987274,456.30006,-0.0658330954,24.0626582,2.11891189,2.66259273,24.5710077,0.151477419,0.161484429,False,15.9373418,-1.86589864,24.9724767,3.0491995,2.00009022,-52.8775623,1.52453098,26.5607757,0.1514716,0.161536906,-5.2476119e-05,5.81832086e-06,True,False,"[0.011997615640057505, 0.6256159444805254, 0.16676086874869142, 1.6566316769947205e-36, -0.06583309539862808, 24.062658205578494, 2.1189118861449336, 2.6625927309072144]","[0.011977181631373807, 1.0451497014038327, 0.2843385208673616, 4.923400599857983e-25, -1.8658986432862805, 24.97247674494606, 3.0491995002825676, 2.0000902166845225, -0.9228875627042132]"
744228101,951766216,V1,VISp,calibration,aperture,88.571,27.143,700,822.43792,1720.6666,40.7085986,26.2897202,39.9999855,2,348.413649,1.78685172,1.71256078,True,-0.708598619,,,,,,,,,,,,False,False,"[1.080052001885923, 0.7452974953065356, 0.7143828996097059, 1.016903510016349, 40.70859861936723, 26.28972018905589, 39.9999855403799, 2.0000000000626077]",[]
744228101,951766216,V1,VISp,calibration,point,88.571,27.143,700,822.43792,1720.6666,40.2707806,25.1799956,39.9999975,2.85115646,496.691061,1.78685083,1.71300391,True,-0.270780608,,,,,,,,,,,,False,False,"[1.0808830271482543, 2.8547005792200606, 2.7399541542026724, 3.918016381887147, 40.270780607563196, 25.179995582550898, 39.99999751113978, 2.8511564590730814]",[]
744228101,951766221,V1,VISp,evaluation,aperture,68.333,18.333,600,29.532595,39.052457,15.673559,9.31524747,17.9589595,14.4124857,1127.26335,1.43478374,1.35956247,False,24.326441,15.6681503,9.30174309,18.0220012,13.9969974,13.8560239,1.28756195,1098.60919,1.43476747,1.36017026,-0.000607793446,1.62708454e-05,False,False,"[0.9853681734019176, 3.667241910623058, 3.118035341481712, 3.974768958376686, 15.673558964383911, 9.315247471015116, 17.958959499798077, 14.412485658458847]","[0.9933847559351299, 3.700111756076156, 3.1357368360255284, 4.029225478974948, 15.668150314927889, 9.3017430933658, 18.02200124483245, 13.99699741116876, 0.2418332382057029]"
744228101,951766221,V1,VISp,evaluation,point,68.333,18.333,600,29.532595,39.052457,15.6740008,9.31262714,18.6572414,15.2817463,1241.72591,1.43475463,1.35950454,False,24.3259992,15.6686478,9.2985901,18.7192408,14.8859709,13.9358182,1.2575089,1213.58647,1.43473426,1.36011996,-0.000615415111,2.0374508e-05,False,False,"[0.9849074756361513, 3.6722491530491053, 3.1226061558992835, 3.9805488775839644, 15.674000761617815, 9.312627141231074, 18.65724138684617, 15.281746288396569]","[0.99300074068653, 3.7060126789712267, 3.141093006011705, 4.036138402523423, 15.6686478317979, 9.298590098632339, 18.719240839098486, 14.885970915716081, 0.2432259106968293]"
744228101,951766234,V1,VISp,calibration,aperture,69.333,9.333,1500,25.650595,48.282302,19.9773476,1.36650331,26.839739,14.6908979,1717.24381,1.2404748,1.30432558,False,20.0226524,,,,,,,,,,,,False,False,"[0.4540294469253108, 1.5991771825133039, 1.856862939969629, 2.4806588616895637, 19.977347586385083, 1.36650331117188, 26.83973899118125, 14.69089794955459]",[]
744228101,951766234,V1,VISp,calibration,point,69.333,9.333,1500,25.650595,48.282302,19.9789901,1.36177348,27.3250474,15.5489839,1850.41127,1.24048646,1.30427473,False,20.0210099,,,,,,,,,,,,False,False,"[0.4534312351256382, 1.6005085238235437, 1.858296971822363, 2.4820118681733634, 19.978990085208903, 1.3617734834215824, 27.32504738876511, 15.548983850174993]",[]
744228101,951766241,V1,VISp,evaluation,aperture,58.889,8.889,900,29.767465,49.945387,10.0502749,-1.10288585,23.8335426,10.0422078,1042.37295,1.04700621,1.12024881,False,29.9497251,10.0522442,-1.10382596,23.8331163,10.0425424,-0.0394276465,2.37321539,1042.38904,1.0470062,1.12024536,3.44738739e-06,2.66432543e-09,False,False,"[0.2693569723987555, 0.5232195970398397, 0.6789231918056292, 0.6826983846079997, 10.050274910055462, -1.1028858468076652, 23.833542627405677, 10.042207777435147]","[0.2693571351531437, 0.5231855922380314, 0.6789320377144202, 0.6827131427297026, 10.052244223343408, -1.10382596166932, 23.83311630231605, 10.04254243858574, -0.0006881422481328503]"
744228101,951766241,V1,VISp,evaluation,point,58.889,8.889,900,29.767465,49.945387,10.0353566,-1.12267524,24.374082,11.2621881,1195.51871,1.04700033,1.12032359,False,29.9646434,10.0369149,-1.12620085,24.3725526,11.2618106,-0.0785792691,2.1641771,1195.40361,1.04700097,1.12031737,6.21285795e-06,-6.33260119e-07,False,False,"[0.2691759604298534, 0.5252609924527138, 0.6816309121323606, 0.6851448856438113, 10.035356560854934, -1.122675237786876, 24.37408204564509, 11.262188124537452]","[0.2691835239287717, 0.5252123110194903, 0.6816884850609602, 0.6851803327879433, 10.03691488731393, -1.1262008545987678, 24.37255255537999, 11.261810573725613, -0.0013714669697453274]"
744228101,951766247,V1,VISp,evaluation,aperture,65,15,400,12.570387,11.656945,16.4688556,3.02234523,6.59009333,7.00231843,200.973479,0.471815279,0.48473798,False,23.5311444,16.4845987,2.97822052,7.12424498,6.3241648,59.6290315,1.1265116,196.221844,0.472084483,0.484782016,-4.40363115e-05,-0.000269203144,False,False,"[0.04786473400595282, 0.5164699268902555, 0.4093512684740417, 0.7386843042681889, 16.468855578843446, 3.022345232970529, 6.590093334969237, 7.00231843486741]","[0.04809332308521598, 0.5164590443791903, 0.4093478045534501, 0.7463785140227291, 16.484598700214036, 2.9782205165502504, 7.124244980197843, 6.324164798134251, 1.0407229293079818]"
744228101,951766247,V1,VISp,evaluation,point,65,15,400,12.570387,11.656945,16.7741583,2.99953192,7.93031546,8.44761646,291.762842,0.472060042,0.485150753,False,23.2258417,16.7929313,2.9178851,8.56459715,7.7023732,64.7367873,1.11194264,287.300795,0.472334507,0.485350074,-0.000199320509,-0.000274464698,False,False,"[0.04888042501431818, 0.5625429178124155, 0.44920332776147953, 0.8104447041376326, 16.774158289187703, 2.9995319236436613, 7.930315461640385, 8.447616460638299]","[0.04911426177936152, 0.5656365413127101, 0.4497614725804577, 0.8216398232879425, 16.79293127496741, 2.9178850966056116, 8.564597153336615, 7.702373200941573, 1.1298700851480343]"
744228101,951766252,V1,VISp,calibration,aperture,62.143,7.143,1400,23.003179,36.210837,11.3883708,-2.54138213,23.8475915,11.2290856,1166.25695,1.22907914,1.2141779,False,28.6116292,,,,,,,,,,,,False,False,"[0.25403062007521066, 0.8538490227074257, 1.0120675572806366, 1.3293302121414217, 11.388370752578991, -2.5413821282298596, 23.84759145896221, 11.229085586758385]",[]
744228101,951766252,V1,VISp,calibration,point,62.143,7.143,1400,23.003179,36.210837,11.4215072,-2.58571573,24.4243558,12.3062252,1309.04117,1.22907173,1.21417286,False,28.5784928,,,,,,,,,,,,False,False,"[0.25396672475482535, 0.8558120205347918, 1.0149016195954843, 1.33274038179397, 11.42150722504769, -2.585715727245309, 24.42435576116068, 12.306225214969745]",[]
744228101,951766259,V1,VISp,calibration,aperture,65,25,400,7.3621366,10.2662,16.009157,13.2959128,6.45255294,3.03007697,85.1511595,0.681386746,0.797868031,False,23.990843,,,,,,,,,,,,False,False,"[0.08087727950850628, 0.9985061519643157, 0.9712199372002664, 2.1299116244893797, 16.00915701446773, 13.295912837405094, 6.452552940157916, 3.0300769695754077]",[]
744228101,951766259,V1,VISp,calibration,point,65,25,400,7.3621366,10.2662,16.1358637,13.8028731,8.21475726,5.64974736,202.129216,0.680779793,0.796406951,False,23.8641363,,,,,,,,,,,,False,False,"[0.08060692526490226, 1.2750207075074615, 1.2435401633007785, 2.743554007601347, 16.13586366334772, 13.802873142499683, 8.214757259525886, 5.64974736385758]",[]
744228101,951766264,V1,VISp,calibration,aperture,58,10,500,21.502942,30.870254,7.79218473,-0.612107861,13.4535172,6.05128815,354.559399,1.24510336,1.09964888,False,32.2078153,,,,,,,,,,,,False,False,"[0.273182488120942, 1.2425954596869957, 1.4424660120459165, 2.1611328657074256, 7.792184728947183, -0.6121078613574648, 13.453517222980254, 6.05128815209909]",[]
744228101,951766264,V1,VISp,calibration,point,58,10,500,21.502942,30.870254,7.84353825,-0.572563005,14.5300965,8.17092349,517.064797,1.24519823,1.0994038,False,32.1564618,,,,,,,,,,,,False,False,"[0.2703571601395272, 1.251520105136772, 1.4488168650318807, 2.169770635806999, 7.84353824535704, -0.5725630045539425, 14.530096466507182, 8.170923489572381]",[]
744228101,951766270,V1,VISp,calibration,aperture,65.556,16.667,900,21.709826,28.745578,14.0237747,6.41249156,16.3253202,12.2307344,869.600079,1.38368011,1.38449749,False,25.9762253,,,,,,,,,,,,False,False,"[0.5169459550307182, 2.7175275242508032, 3.257818990513594, 3.672720675249638, 14.023774724609577, 6.412491561538773, 16.325320163338645, 12.23073436260305]",[]
744228101,951766270,V1,VISp,calibration,point,65.556,16.667,900,21.709826,28.745578,14.0224887,6.40955157,17.1091311,13.2686152,988.687129,1.38376621,1.3843744,False,25.9775113,,,,,,,,,,,,False,False,"[0.515776362820058, 2.7217906456496532, 3.2629119873623296, 3.677312602832343, 14.022488671073438, 6.409551565802378, 17.109131071966477, 13.268615150532037]",[]
744228101,951766275,V1,VISp,evaluation,aperture,74.167,9.167,1200,22.978454,49.338036,21.4105783,0.235630176,25.9522811,10.9979634,1243.06299,2.22473802,2.27200444,False,18.5894217,21.4380708,0.265992274,25.9584168,10.9939277,0.384910058,2.36115949,1242.90062,2.22476179,2.27198799,1.64527691e-05,-2.37718195e-05,False,False,"[0.3956985941000456, 1.7912642635139362, 1.7848997352308558, 2.1229936216581855, 21.410578310890376, 0.23563017615269088, 25.952281058867037, 10.997963404154419]","[0.3958151188543507, 1.7932318728228918, 1.7837756807778922, 2.1231095819978214, 21.438070830017104, 0.26599227370112516, 25.958416753668967, 10.993927693315278, 0.006717947828341453]"
744228101,951766275,V1,VISp,evaluation,point,74.167,9.167,1200,22.978454,49.338036,21.4271783,0.220231154,26.4784501,12.1312362,1398.95244,2.22469504,2.27192112,False,18.5728217,21.4552091,0.251123504,26.484818,12.127696,0.388689468,2.18382932,1398.88052,2.22471906,2.27190803,1.30916231e-05,-2.40140788e-05,False,False,"[0.3948243718580758, 1.7951408268012585, 1.7894645514702474, 2.126986085194881, 21.427178296783147, 0.22023115418753195, 26.478450134091187, 12.1312362203155]","[0.3949381198177489, 1.7971241343688082, 1.7883275720203597, 2.127099500358606, 21.455209071895936, 0.2511235039895978, 26.484818026089254, 12.127695959118999, 0.006783910979811791]"
744228101,951766283,V1,VISp,calibration,aperture,66.667,18.889,900,18.908422,29.882814,15.2316652,9.00241744,18.7911575,11.6342111,952.129024,1.10989853,1.2114762,False,24.7683348,,,,,,,,,,,,False,False,"[0.26829010405262865, 2.0047264071889375, 2.2511765963165784, 2.3248632742684046, 15.231665191353049, 9.002417443216375, 18.79115752802185, 11.634211139725577]",[]
744228101,951766283,V1,VISp,calibration,point,66.667,18.889,900,18.908422,29.882814,15.231027,9.00446639,19.4755519,12.7192636,1078.84008,1.10991884,1.21132016,False,24.768973,,,,,,,,,,,,False,False,"[0.2674670279494373, 2.0083599766274767, 2.2550130136850774, 2.328265610400392, 15.23102701765638, 9.004466389372253, 19.475551862363012, 12.71926364388029]",[]
744228101,951766302,V1,VISp,calibration,aperture,62.5,12.5,800,19.913543,28.570592,12.0582306,3.14602587,17.6259756,11.586809,889.451645,1.57838616,1.57597223,False,27.9417694,,,,,,,,,,,,False,False,"[0.4229489919356703, 2.765738250450248, 2.535263833226951, 3.3518075456104115, 12.058230649345854, 3.1460258701742054, 17.625975631640564, 11.586808998183402]",[]
744228101,951766302,V1,VISp,calibration,point,62.5,12.5,800,19.913543,28.570592,12.0555991,3.13590345,18.3655763,12.679625,1014.18294,1.57853578,1.57621745,False,27.9444009,,,,,,,,,,,,False,False,"[0.42159774990688775, 2.7685004592878935, 2.5403538264567773, 3.356023135163138, 12.055599129372336, 3.135903447682165, 18.36557626258579, 12.679625015034711]",[]
744228101,951766311,V1,VISp,evaluation,aperture,60,13.75,800,25.808581,37.561716,10.5771821,3.31691722,19.9964549,12.2619174,1067.86591,1.36605153,1.34749699,False,29.4228179,10.6532192,3.29464157,20.137969,12.3076739,-3.17420393,1.63621243,1079.43621,1.36533077,1.34634927,0.00114771952,0.000720765484,False,False,"[0.7213455749457653, 2.747847535697897, 2.6097067203382665, 2.728791660037586, 10.577182099297087, 3.3169172231692303, 19.996454864282274, 12.261917377809345]","[0.7185371892753418, 2.7332553362659033, 2.603635721305429, 2.725593853911903, 10.653219236285823, 3.2946415675868224, 20.137969041734138, 12.307673940329332, -0.05540030974637555]"
744228101,951766311,V1,VISp,evaluation,point,60,13.75,800,25.808581,37.561716,10.5732835,3.31018847,20.6397754,13.2829028,1193.99715,1.3660497,1.34745644,False,29.4267165,10.6497083,3.28697698,20.7770462,13.3243035,-3.17959725,1.55933451,1205.68442,1.36532891,1.3462925,0.00116393131,0.000720787462,False,False,"[0.720428693347792, 2.752260957878788, 2.614649048393227, 2.733745177441556, 10.573283465416848, 3.3101884746048524, 20.639775363887548, 13.282902783270861]","[0.7176408458276228, 2.737636763842942, 2.608512988531173, 2.730484111850508, 10.6497082734132, 3.2869769778830973, 20.777046183373606, 13.32430346911845, -0.05549444084984745]"
744228101,951766321,V1,VISp,evaluation,aperture,57.857,6.429,1400,31.79806,47.175731,13.9231506,0.360351347,26.2084691,17.1377026,1956.13844,0.586817859,0.540760552,False,26.0768494,14.1042547,0.597856959,26.8492941,17.3934206,7.23021278,1.54364658,2033.87005,0.5866015,0.541531105,-0.000770552924,0.000216359016,False,False,"[0.053994448969771826, 0.16155297928319987, 0.11129836146921855, 0.0913613461648833, 13.923150611978482, 0.3603513468838476, 26.208469145153053, 17.137702642091043]","[0.05295133310510566, 0.1608548531804417, 0.11166483821760328, 0.09168957731390164, 14.104254659785108, 0.5978569589277023, 26.84929414587859, 17.393420601194656, 0.1261910186758639]"
744228101,951766321,V1,VISp,evaluation,point,57.857,6.429,1400,31.79806,47.175731,13.9248478,0.354853783,26.7029143,17.8788444,2079.23432,0.586819939,0.540762311,False,26.0751522,14.1007586,0.590956389,27.3285263,18.1214815,7.2090034,1.50807352,2156.82665,0.586603866,0.541527594,-0.00076528296,0.000216072581,False,False,"[0.053956444578391584, 0.16159167763021462, 0.11134031350437891, 0.09142489654397493, 13.924847795118703, 0.354853783107018, 26.70291431221887, 17.878844385304347]","[0.05291797635398732, 0.16088922287646318, 0.11172145483664152, 0.09175888787681064, 14.100758635021695, 0.5909563894089039, 27.328526281364255, 18.12148147979233, 0.1258208451172782]"
744228101,951766328,V1,VISp,evaluation,aperture,75,10,200,80.608512,12966.126,24.2127315,-0.985845135,5.19138444,2.10056843,47.4925353,1.18321723,1.25693263,False,15.7872685,24.6950779,-0.979584676,5.26654163,2,14.8339532,2.63327082,45.8733912,1.18283045,1.25768558,-0.000752956269,0.000386782367,True,False,"[0.7255925837810383, 0.46794464497407323, 0.5763415836793692, 1.640220447363504, 24.212731450461686, -0.9858451352977061, 5.191384439316396, 2.1005684274437644]","[0.7259442628726246, 0.4275046195486117, 0.5366186258088096, 1.667185530883337, 24.695077888750905, -0.9795846758989749, 5.266541630822153, 2.0000000000866374, 0.25890132509148067]"
744228101,951766328,V1,VISp,evaluation,point,75,10,200,80.608512,12966.126,23.4204548,-2.10581028,5.79071199,6.5384111,164.895771,1.18320716,1.25788769,False,16.5795452,24.5005606,-1.56758185,6.59739118,2.94851796,85.5944069,2.2375279,84.7191017,1.18301199,1.25991137,-0.00202368658,0.000195164607,False,False,"[0.7270994043878435, 0.5959729756190153, 0.7643659309058546, 2.086931458015872, 23.420454767223145, -2.1058102751525194, 5.7907119946695085, 6.538411103026496]","[0.7296584618966259, 1.4998850444102176, 1.9372043339765435, 5.7613642087163335, 24.50056064791132, -1.5675818525937741, 6.597391181348096, 2.9485179579399223, 1.493904221481217]"
744228101,951766336,V1,VISp,calibration,aperture,68.333,19.167,1200,23.844392,34.2871,16.1715376,9.40546534,19.5175825,13.6207247,1157.79473,1.35786678,1.36916312,False,23.8284624,,,,,,,,,,,,False,False,"[0.5306079791254309, 2.9057369619375275, 2.8616270956942, 2.9682448046171968, 16.171537612222988, 9.405465340605524, 19.51758246440809, 13.62072471212268]",[]
744228101,951766336,V1,VISp,calibration,point,68.333,19.167,1200,23.844392,34.2871,16.1714174,9.40407317,20.1741781,14.5511086,1278.48978,1.35792129,1.36905707,False,23.8285826,,,,,,,,,,,,False,False,"[0.5297787165430156, 2.908077541844702, 2.8641959061178763, 2.9706868144352963, 16.17141735615223, 9.404073167229315, 20.174178105504833, 14.55110856748478]",[]
744228101,951766345,V1,VISp,calibration,aperture,76.364,19.091,1100,21.607877,35.822248,22.785152,8.25607073,16.2392319,11.6251704,822.18612,1.15692336,1.17263306,False,17.214848,,,,,,,,,,,,False,False,"[0.2762609020171669, 1.4871804529436181, 1.7487214380967309, 1.8675278657809167, 22.785151977320012, 8.256070733997458, 16.23923185958902, 11.62517044196745]",[]
744228101,951766345,V1,VISp,calibration,point,76.364,19.091,1100,21.607877,35.822248,22.7825033,8.25520292,17.0312255,12.720386,943.52089,1.15695573,1.17265231,False,17.2174967,,,,,,,,,,,,False,False,"[0.275634444046839, 1.4892953233407413, 1.7516679056475422, 1.8694687160844004, 22.782503291807277, 8.255202921359349, 17.03122552163028, 12.72038602772852]",[]
744228101,951766352,V1,VISp,evaluation,aperture,73.333,18.889,900,18.132276,29.016102,21.8119426,6.98736412,14.4590822,10.9658166,690.537124,0.947106363,0.956012754,False,18.1880574,21.5872542,7.20817566,15.3352833,10.0625188,19.9153822,1.52400047,672.053483,0.945030054,0.95022926,0.00578349466,0.00207630878,False,False,"[0.14855693799856504, 1.0656310829997448, 1.3283591082511588, 1.3472086693779493, 21.81194261074185, 6.987364122263431, 14.45908215785782, 10.965816563283758]","[0.14934692954853684, 1.0875828477072262, 1.3370676293529724, 1.3767658820970194, 21.587254231051986, 7.208175655343802, 15.335283327003303, 10.062518755696425, 0.347588991807267]"
744228101,951766352,V1,VISp,evaluation,point,73.333,18.889,900,18.132276,29.016102,21.8173523,6.98891367,15.3190781,12.1224187,808.774113,0.947113454,0.955944199,False,18.1826477,21.5861811,7.21218171,16.146507,11.2883927,20.1770155,1.43036369,793.809012,0.945015234,0.950083915,0.00586028426,0.0020982197,False,False,"[0.14819430997615843, 1.068800845081372, 1.3328696419622912, 1.35132064704779, 21.817352315341118, 6.988913671835346, 15.319078147671098, 12.122418719042596]","[0.1490844388247256, 1.09287057203754, 1.344186733061362, 1.3838712449125432, 21.586181093288825, 7.2121817126733765, 16.146507030648348, 11.288392707875007, 0.352155353111284]"
744228101,951766367,V1,VISp,calibration,aperture,75.714,11.429,700,23.67872,61.261113,24.3243281,-0.359070152,11.2806998,2,98.2587799,0.490138186,0.530505282,True,15.6756719,,,,,,,,,,,,False,False,"[0.060028534500219166, 0.25576278988749007, 0.23231390026465573, 0.29621949859117197, 24.324328050816835, -0.3590701517444008, 11.280699800867815, 2.000000000000002]",[]
744228101,951766367,V1,VISp,calibration,point,75.714,11.429,700,23.67872,61.261113,24.0092622,-0.707222458,12.3282069,5.35197782,287.355523,0.490029029,0.532776016,False,15.9907378,,,,,,,,,,,,False,False,"[0.06104511364695699, 0.2639454944352493, 0.24927627478243428, 0.32515171986500313, 24.009262170094722, -0.7072224584518886, 12.328206889957961, 5.351977824489405]",[]
744228101,951766376,V1,VISp,evaluation,aperture,81.667,11.667,600,20.41168,47.429615,30.4131772,1.20861767,17.4829375,9.40887041,716.402712,1.07928736,1.10120502,False,9.58682283,30.54161,1.48007394,17.5814936,9.14741677,7.73454955,1.92201734,700.421654,1.07854005,1.09740522,0.00379979813,0.000747310059,False,False,"[0.27211698109110233, 1.9324394279206811, 1.5259640690532565, 1.8160347714832277, 30.413177168631496, 1.2086176727633318, 17.482937491483618, 9.40887040611002]","[0.27359050855529604, 1.9486877182079543, 1.5551246734259156, 1.8340743724288149, 30.54161002051516, 1.4800739426530207, 17.58149364983833, 9.147416771705615, 0.1349933557310179]"
744228101,951766376,V1,VISp,evaluation,point,81.667,11.667,600,20.41168,47.429615,30.3907769,1.20189812,18.19537,10.7450424,851.479807,1.07919272,1.10135295,False,9.60922311,30.5207733,1.47228429,18.2895803,10.5137357,7.85381465,1.73958912,837.463956,1.07842789,1.09758686,0.00376608921,0.000764831819,False,False,"[0.27141085991530317, 1.9393811332081692, 1.53193474881989, 1.8228107910212237, 30.390776890173072, 1.2018981222881016, 18.19537002813056, 10.745042355832949]","[0.27289623519703454, 1.956977923694936, 1.5624038319813884, 1.842208882238154, 30.52077329400025, 1.472284288436406, 18.289580262013917, 10.513735719441893, 0.1370749244097893]"
744228101,951766384,V1,VISp,evaluation,aperture,65,30,200,29.073738,36.027357,18.2103976,21.0239621,7.47698164,2,65.1270849,0.491387483,0.656444474,True,18.9760379,18.1236263,21.0940918,7.94305796,2,5.24122207,3.97152898,69.1867701,0.490998539,0.65783339,-0.00138891612,0.000388943763,True,False,"[0.045680872166496286, 0.41485785999706787, 0.401780880046806, 0.23255345244536477, 18.2103976126221, 21.023962071753218, 7.476981638366951, 2.0000000000000107]","[0.04534347387514917, 0.41515674741467246, 0.39046491942409334, 0.22405415187617692, 18.123626349400464, 21.094091770388953, 7.943057958540282, 2.0000000000000004, 0.09147658188502739]"
744228101,951766384,V1,VISp,evaluation,point,65,30,200,29.073738,36.027357,17.4359753,23.466098,10.1571723,3.47262626,153.615908,0.49096381,0.655540407,False,16.533902,19.0044862,24.2137297,9.61342222,2.62356489,3.35411507,3.66425936,109.843701,0.489071374,0.657378262,-0.00183785487,0.00189243571,False,False,"[0.04690043713513009, 0.7017325200074801, 0.7105462063793584, 0.3966629264738313, 17.435975323558978, 23.46609799623174, 10.1571722683854, 3.4726262643865335]","[0.04679868235406601, 1.5602793478574315, 1.5124961078045478, 0.8924942303940551, 19.00448624314237, 24.213729668214842, 9.613422219322274, 2.623564890556384, 0.058540351392012635]"
744228101,951766393,V1,VISp,evaluation,aperture,60,17.143,700,50.718946,50.468767,3.66440094,1.112072,9.22968613,2,80.3937445,1.14302246,1.17658748,True,36.3355991,7.03139174,2.11565425,9.08057753,2,31.0773451,4.54028876,79.0949573,1.14119896,1.17230587,0.00428161001,0.00182350123,True,False,"[0.2157673076710259, 0.06142536871892942, 0.7372039999513429, 0.27028492151332645, 3.6644009443691083, 1.112071996399344, 9.229686125857906, 2.000000000022967]","[0.2149792848443812, 0.07724891367095274, 0.7148277656687532, 0.2931169893512854, 7.031391736291805, 2.115654247867945, 9.080577526520019, 2.0000000000000004, 0.5424019954382127]"
744228101,951766393,V1,VISp,evaluation,point,60,17.143,700,50.718946,50.468767,3.41797714,1.96529461,10.1517959,5.43371794,240.239987,1.1427988,1.17784756,False,36.5820229,6.47312486,3.39665332,10.1824959,3.84394886,23.3502863,2.64896757,170.465766,1.13882233,1.17899232,-0.00114476359,0.00397646771,False,False,"[0.21624827050652767, 0.08737007291114196, 0.8586457610476976, 0.31876892721243183, 3.4179771396476446, 1.9652946128204662, 10.151795857295964, 5.433717942406568]","[0.2163040127749836, 0.14819687101106263, 1.1491558234372845, 0.5256360311438238, 6.473124861123035, 3.396653317079745, 10.18249587701941, 3.843948862595219, 0.4075393778412557]"
744228101,951766402,V1,VISp,evaluation,aperture,65,15,400,41.526672,54.624861,13.2726331,2.81954524,3.3783459,2,29.4265562,0.931573338,1.13903148,True,26.7273669,13.2479795,2.87605944,3.37657972,2,4.07168648,1.68828986,29.4111722,0.931567815,1.13902272,8.75777807e-06,5.52340445e-06,True,False,"[0.1563885925940147, 0.3118550675756315, 0.5732063861729277, 0.5303342808154893, 13.272633087304548, 2.8195452366957037, 3.3783459006735557, 2.0000000000006706]","[0.15639516592354769, 0.3115489702627296, 0.5706427073869408, 0.5274061317946881, 13.247979466261238, 2.876059438273084, 3.376579724206008, 2.000000001644016, 0.07106433524533995]"
744228101,951766402,V1,VISp,evaluation,point,65,15,400,41.526672,54.624861,14.3609386,4.68864611,5.98257815,2.86297265,74.5952044,0.93216066,1.13744338,False,25.6390614,14.9167676,4.04269706,4.87518843,2.65658628,-85.2301202,1.83513273,56.4053972,0.932009945,1.13739324,5.01390796e-05,0.000150714642,False,False,"[0.15683023209150374, 1.4432466302535139, 2.721451990273997, 2.572469979256685, 14.36093859059018, 4.688646111758679, 5.982578147361803, 2.862972647778734]","[0.1575991924653034, 2.1821160345513464, 4.059598287646994, 3.9472664034091167, 14.916767583207067, 4.042697060780455, 4.875188432698064, 2.656586283254428, -1.487546219259373]"
744228101,951766410,V1,VISp,evaluation,aperture,65,10,600,13.413433,12.883811,15.4415717,2.28483883,8.42944824,10.1382929,372.193952,0.422747324,0.475530757,False,24.5584283,15.4704109,2.37836805,10.4668084,8.18682279,-70.8401276,1.27849456,373.194293,0.42183246,0.474911398,0.000619358342,0.000914864047,False,False,"[0.02226364069070466, 0.49985314401568504, 0.610253444731463, 0.5398612509133389, 15.441571661210062, 2.284838832130142, 8.429448239977807, 10.138292888206383]","[0.022038146707361254, 0.49756411633780817, 0.6086888606878448, 0.5443670065654165, 15.47041094912465, 2.3783680479665774, 10.466808419652155, 8.186822788369897, -1.236393468840976]"
744228101,951766410,V1,VISp,evaluation,point,65,10,600,13.413433,12.883811,15.4124277,2.30016065,9.94786433,11.4653471,496.732288,0.422785138,0.47475317,False,24.5875723,15.4412567,2.39504053,11.7559935,9.76197413,-71.6751501,1.20426395,499.806984,0.421927572,0.474154975,0.00059819496,0.000857565388,False,False,"[0.02175281088938858, 0.5029507667850402, 0.6120062169623393, 0.5418472067939955, 15.412427739866192, 2.300160652280309, 9.947864328854527, 11.46534711297329]","[0.021488189564727672, 0.5004322347701723, 0.6098703018322292, 0.5460818519117753, 15.441256665083552, 2.395040534296467, 11.755993537218982, 9.761974131955046, -1.250967360748895]"
744228101,951766418,V1,VISp,evaluation,aperture,70,15,600,24.803003,36.34337,16.8127654,2.89548946,8.61564312,6.51415161,244.427966,0.983117379,1.28674557,False,23.1872346,16.6315595,2.875168,8.84978131,6.04442335,20.2713446,1.46412334,232.966107,0.982841573,1.28641651,0.000329054046,0.000275806763,False,False,"[0.1460274683227266, 0.6404239467196466, 1.035579752479282, 0.7234647184453503, 16.81276537413965, 2.8954894610747246, 8.615643123252934, 6.514151611476525]","[0.14654895700559287, 0.6424678549340616, 1.0548502744734858, 0.7272439308452304, 16.631559495368275, 2.8751680001527196, 8.84978130739051, 6.04442334976452, 0.3538017065018293]"
744228101,951766418,V1,VISp,evaluation,point,70,15,600,24.803003,36.34337,16.8013718,3.06688547,9.99983016,8.49557265,369.990533,0.983425303,1.28706671,False,23.1986282,16.6421108,3.02465454,10.241975,8.19989669,21.1156548,1.24903707,365.76102,0.983140179,1.28644879,0.0006179193,0.000285124801,False,False,"[0.14548484781921128, 0.653515061381017, 1.0541424238402015, 0.7377838043499741, 16.801371812879903, 3.0668854741438407, 9.999830158113932, 8.49557265281956]","[0.14569661162410957, 0.6542999302806385, 1.0698593210588234, 0.7411431017822108, 16.64211083233594, 3.024654542068206, 10.241974951438047, 8.199896690437786, 0.3685377001290324]"
744228101,951766426,V1,VISp,calibration,aperture,62,14,500,10.746279,15.176376,12.5564389,2.1426495,9.84906401,8.0696285,346.141627,0.453087853,0.555737983,False,27.4435611,,,,,,,,,,,,False,False,"[0.03139819687504343, 0.4720301317754401, 0.5865119857489638, 0.743632861817349, 12.556438916808666, 2.1426495018221767, 9.849064005448016, 8.069628501814583]",[]
744228101,951766426,V1,VISp,calibration,point,62,14,500,10.746279,15.176376,12.5725083,2.19782146,11.1229349,9.74117886,471.885076,0.453378355,0.556281354,False,27.4274917,,,,,,,,,,,,False,False,"[0.030817508991586237, 0.4750264146954958, 0.5896290055406744, 0.7452869793142087, 12.572508305731864, 2.1978214562011904, 11.122934908939166, 9.741178856356983]",[]
744228101,951766433,V1,VISp,evaluation,aperture,65,15,400,26.425341,33.082303,13.2202608,5.35140815,15.7260367,14.3006169,979.443496,0.242845479,0.325468431,False,26.7797392,17.1155266,7.75162805,20.1386901,7.95234497,36.6237655,2.53242159,697.480001,0.242010533,0.328761217,-0.00329278548,0.00083494689,False,False,"[0.014218903547265033, 0.06499931313835262, 0.10361465144881621, 0.02224934376074337, 13.220260763059393, 5.351408145364003, 15.726036687311332, 14.300616904255342]","[0.01610371606950069, 0.07104671144982148, 0.12131535301350499, 0.01791088038513501, 17.1155265988924, 7.751628047848103, 20.13869007349231, 7.952344972652364, 0.639205292714248]"
744228101,951766433,V1,VISp,evaluation,point,65,15,400,26.425341,33.082303,13.1888669,5.27893695,16.4295897,15.0758496,1078.7327,0.24287105,0.325454334,False,26.8111331,17.1220685,7.67615648,20.7304977,9.38570291,36.258498,2.2087315,847.387125,0.241999047,0.328632332,-0.00317799821,0.000872002725,False,False,"[0.014301068307755488, 0.06551737411946547, 0.10415185115964382, 0.02222830520776342, 13.188866889826008, 5.278936949508877, 16.429589706447246, 15.07584955528806]","[0.01612529841704384, 0.07236634579647738, 0.12269345919513108, 0.0184476643681764, 17.122068535183605, 7.676156480355128, 20.73049767818018, 9.38570290984984, 0.6328301718740743]"
744228101,951766440,V1,VISp,evaluation,aperture,65,15,400,9.1229896,11.341684,15.9711042,4.84069137,7.14878156,5.27617894,164.269476,1.33055404,1.34442226,False,24.0288958,15.971559,4.83666824,7.15375321,5.279622,-1.67713333,1.35497451,164.490989,1.33041535,1.34428995,0.000132312353,0.000138687286,False,False,"[0.2340046977931533, 5.132636154642246, 4.069279623561839, 4.502249654585237, 15.971104216906626, 4.840691368214378, 7.148781555496862, 5.2761789389189175]","[0.23392715233161535, 5.128527042051535, 4.071034740614926, 4.500093740212542, 15.97155897335928, 4.83666823910966, 7.153753212971596, 5.279621998084136, -0.029271498607185364]"
744228101,951766440,V1,VISp,evaluation,point,65,15,400,9.1229896,11.341684,16.0099981,4.82326263,8.81955507,7.34900815,282.280407,1.32876676,1.34276054,False,23.9900019,16.0095697,4.81915901,8.8129663,7.35364071,-2.63958042,1.1984494,282.247332,1.32863892,1.3426753,8.52355315e-05,0.000127840169,False,False,"[0.23205150682185577, 5.517544285781251, 4.388075876672289, 4.842127818708314, 16.00999808176136, 4.823262632195639, 8.819555066448855, 7.349008153255846]","[0.23204624153839845, 5.513815734817102, 4.3935041154431955, 4.8427248031784895, 16.00956972170555, 4.8191590120650565, 8.812966300228181, 7.353640710154338, -0.04606936927763883]"
744228101,951766445,V1,VISp,evaluation,aperture,65,15,400,6.6725872,6.7283759,16.0626577,5.26273766,3.49088577,4.27138163,64.9395601,0.504128198,0.629674673,False,23.9373423,16.0194487,5.25876884,4.70287873,3.29657704,59.0853291,1.42659452,67.5199852,0.501657966,0.627841547,0.00183312646,0.00247023158,False,False,"[0.03858523719544826, 3.0179366576507056, 2.0690118421007857, 3.2113785319730095, 16.062657654804283, 5.262737656459592, 3.4908857687115025, 4.271381630092326]","[0.03743990692331608, 3.0212094938367824, 2.072259716395757, 3.197450284932868, 16.019448682120494, 5.258768844991218, 4.702878727861259, 3.2965770376602017, 1.0312335318999453]"
744228101,951766445,V1,VISp,evaluation,point,65,15,400,6.6725872,6.7283759,15.8018955,5.10046378,5.9227905,6.50596013,167.819761,0.503583978,0.63079872,False,24.1981045,15.8199669,5.09585799,6.76061,5.7645119,58.5774099,1.17279834,169.728101,0.500556803,0.631517772,-0.000719052777,0.0030271751,False,False,"[0.03774243874450228, 4.171161833685031, 2.84899075931254, 4.449932975307107, 15.801895491526386, 5.100463775942941, 5.922790497058429, 6.505960133632018]","[0.037130607294350186, 4.1947940004135, 2.863886104771616, 4.36177035927602, 15.819966897351335, 5.0958579869322955, 6.7606099984249655, 5.764511897055042, 1.022368670665625]"
744228101,951766451,V1,VISp,calibration,aperture,65,15,400,7.4050537,8.5349265,16.8355,4.98862449,5.0575409,3.72264864,81.9967767,0.568649859,0.692316908,False,23.1645,,,,,,,,,,,,False,False,"[0.0556680286725965, 2.088333661088282, 2.0651841768509396, 2.237757322865633, 16.835500009141, 4.988624491309782, 5.057540901113444, 3.72264863844025]",[]
744228101,951766451,V1,VISp,calibration,point,65,15,400,7.4050537,8.5349265,16.8386638,4.9410858,7.16835371,6.06379877,189.308248,0.567360815,0.689402739,False,23.1613362,,,,,,,,,,,,False,False,"[0.054910769758488985, 2.670709220003353, 2.6272079026565, 2.8697308217916984, 16.838663771364395, 4.941085804841168, 7.168353713279657, 6.063798767104754]",[]
744228101,951766457,V1,VISp,calibration,aperture,65,15,400,11.085097,12.84269,16.6302133,6.27307351,8.97104652,6.90240348,269.680025,3.24482709,4.11670798,False,23.3697867,,,,,,,,,,,,False,False,"[0.7143355735801163, 15.007506053663368, 13.062244305207031, 14.557952297748287, 16.6302133015971, 6.273073513293943, 8.971046515016601, 6.902403483206162]",[]
744228101,951766457,V1,VISp,calibration,point,65,15,400,11.085097,12.84269,16.616432,6.27850225,10.3653018,8.65280222,390.61063,3.24504128,4.11485839,False,23.383568,,,,,,,,,,,,False,False,"[0.7075808900950437, 15.333188808173285, 13.368334392422355, 14.891609503533623, 16.61643199562795, 6.278502246379537, 10.365301784993338, 8.65280221913699]",[]
744228101,951766479,V1,VISp,calibration,aperture,65,15,400,6.711515,6.3665729,10.4284316,3.82708917,2,2,17.4206887,0.150491368,0.169747388,True,29.5715684,,,,,,,,,,,,False,False,"[0.0075259800595600555, 0.12451172265761605, 0.25849862970931, 0.4671003872283425, 10.4284315898641, 3.827089170348351, 2.0000000000000004, 2.0000000000000715]",[]
744228101,951766479,V1,VISp,calibration,point,65,15,400,6.711515,6.3665729,11.0533739,4.76489997,5.61791424,4.8349422,118.296453,0.151044691,0.169740743,False,28.9466261,,,,,,,,,,,,False,False,"[0.007810636547359704, 0.20429782871612626, 0.43684365934021885, 0.8268170985905382, 11.053373876550248, 4.764899965353532, 5.617914242394184, 4.834942198370628]",[]
744228101,951766486,V1,VISp,evaluation,aperture,70,15,600,10.635789,13.749831,19.3280568,5.65312532,10.612348,6.83924691,316.100437,0.600563419,0.630476908,False,20.6719432,19.3150842,5.57108082,10.5577134,6.75854568,-4.37884714,1.562128,310.762389,0.601078474,0.631270726,-0.000793818208,-0.000515055714,False,False,"[0.05802931256231098, 0.8880982769684282, 0.8518123663278165, 1.0409807701279237, 19.328056849882365, 5.653125316245155, 10.61234803265867, 6.839246912089653]","[0.05840606081937839, 0.8926076085722878, 0.852800981464433, 1.0502006826254682, 19.31508422298601, 5.571080822979566, 10.557713421293963, 6.758545675423267, -0.0764253000854569]"
744228101,951766486,V1,VISp,evaluation,point,70,15,600,10.635789,13.749831,19.2532304,5.6938397,11.7386363,8.55614743,437.422618,0.600485336,0.630609247,False,20.7467696,19.2351361,5.58529394,11.6780087,8.44316261,-5.82045737,1.38313204,429.417043,0.601160789,0.631668218,-0.00105897165,-0.000675452345,False,False,"[0.05791315143780293, 0.9088110054667234, 0.8739710928273513, 1.0683194797350017, 19.253230426584114, 5.693839700965962, 11.73863629464565, 8.556147432738262]","[0.058504682232912865, 0.917026460637971, 0.877699915120048, 1.0846677685623818, 19.23513609450952, 5.585293940144451, 11.678008692041733, 8.443162605599593, -0.101586145068993]"
744228101,951766493,V1,VISp,calibration,aperture,76,18,500,11.871414,12.074843,24.802982,9.53789185,7.26467514,7.58908687,240.110445,0.843172919,0.939434333,False,15.197018,,,,,,,,,,,,False,False,"[0.092095364575224, 1.2606611319231327, 1.0472711067442368, 1.5330436397877305, 24.802982035954425, 9.537891847861633, 7.264675143413402, 7.589086871097596]",[]
744228101,951766493,V1,VISp,calibration,point,76,18,500,11.871414,12.074843,24.8017565,9.52177928,9.03421441,9.36348154,368.411418,0.843477521,0.939252985,False,15.1982435,,,,,,,,,,,,False,False,"[0.09081957040249419, 1.274291608805101, 1.057250877933492, 1.5440778245112234, 24.801756480542053, 9.521779275628662, 9.034214410222427, 9.363481539694469]",[]
744228101,951766501,V1,VISp,calibration,aperture,63.333,16.667,300,10.746257,8.903806,15.7460243,10.390196,4.47985612,5.78674783,112.902602,0.482506553,0.423727853,False,24.2539757,,,,,,,,,,,,False,False,"[0.04116093164642403, 0.7890191587580286, 0.8134534961177241, 0.34247349194618226, 15.746024337001783, 10.390195987363157, 4.4798561175373095, 5.786747829915698]",[]
744228101,951766501,V1,VISp,calibration,point,63.333,16.667,300,10.746257,8.903806,15.677167,10.4185822,6.73593086,7.9842498,234.22706,0.483453946,0.424044507,False,24.322833,,,,,,,,,,,,False,False,"[0.040742523958804, 0.8790094215450974, 0.9112982576650924, 0.3811023931330809, 15.677167026811503, 10.418582241728062, 6.7359308632609505, 7.984249797207332]",[]
744228101,951766516,V1,VISp,calibration,aperture,65,15,400,7.3988685,7.7110038,15.9907167,3.88622683,8.48604334,5.02931942,185.874492,0.150541484,0.187170729,False,24.0092833,,,,,,,,,,,,False,False,"[0.00462881926706539, 0.27422007198338366, 0.2509646376301287, 0.11459088200232764, 15.990716665551373, 3.8862268343888124, 8.486043344500414, 5.029319416800214]",[]
744228101,951766516,V1,VISp,calibration,point,65,15,400,7.3988685,7.7110038,16.0324543,4.06620604,10.0902881,7.27914526,319.881617,0.150850308,0.187477642,False,23.9675457,,,,,,,,,,,,False,False,"[0.004414812361891859, 0.2871799254610153, 0.26319794513808137, 0.11956364605006292, 16.0324542753945, 4.066206043959489, 10.090288109385034, 7.279145260290248]",[]
744228101,951766522,V1,VISp,evaluation,aperture,70,15,600,16.305434,24.34071,18.6150522,6.42915304,13.2586438,8.89594541,513.684596,2.41568322,2.33054621,False,21.3849478,18.620035,6.42529623,13.2519158,8.89295569,-0.717481964,1.49015876,513.251381,2.41570687,2.33038374,0.000162474417,-2.36552192e-05,False,False,"[0.31320885553303107, 3.3875951623931178, 3.5225223454932233, 4.0002370040106285, 18.615052162113383, 6.429153039071214, 13.258643823194175, 8.895945405437445]","[0.31332339147972016, 3.388412595421175, 3.522596205105531, 4.003149323057679, 18.6200350382377, 6.425296233250984, 13.251915836960988, 8.892955692937276, -0.012522422596288774]"
744228101,951766522,V1,VISp,evaluation,point,70,15,600,16.305434,24.34071,18.6131635,6.43591653,14.2206874,10.2853237,637.006529,2.41574177,2.33077669,False,21.3868365,18.6185611,6.43169674,14.2138109,10.2827921,-0.793879493,1.38229099,636.541785,2.41575649,2.33059541,0.000181281247,-1.47204349e-05,False,False,"[0.3118641947029417, 3.409216412817975, 3.548458462632417, 4.027538930519508, 18.613163516334886, 6.435916533960002, 14.220687438576517, 10.285323680747808]","[0.3119853816419238, 3.4101219560731253, 3.5486259021769526, 4.0307527705884505, 18.618561066276534, 6.431696742537214, 14.213810891248253, 10.282792107516261, -0.013855811022928988]"
744228101,951766528,V1,VISp,calibration,aperture,66.667,23.333,300,11.960373,12.505469,17.5560865,11.859131,7.0855909,5.3603089,165.413603,0.607052095,0.588121603,False,22.4439135,,,,,,,,,,,,False,False,"[0.07292211719408483, 0.3771709833810979, 0.6922289232050678, 1.077433854414356, 17.55608652305341, 11.85913099539253, 7.085590895511587, 5.360308897922842]",[]
744228101,951766528,V1,VISp,calibration,point,66.667,23.333,300,11.960373,12.505469,17.5339287,11.938535,8.82231603,7.72321227,296.746709,0.607052879,0.588387885,False,22.4660713,,,,,,,,,,,,False,False,"[0.07211133449950816, 0.39185475774649553, 0.7160983574225672, 1.1172945465504596, 17.533928724331975, 11.938534977818582, 8.82231603395915, 7.7232122690435245]",[]
744228101,951766533,V1,VISp,evaluation,aperture,66.667,23.333,300,10.527507,11.510913,17.2588166,10.8186576,8.82924849,7.10368887,273.157419,0.451274847,0.495876635,False,22.7411834,16.9310375,10.4144923,10.7992964,2.25906901,36.6070782,4.78041898,106.25033,0.439853782,0.498345516,-0.00246888043,0.0114210646,False,False,"[0.027763845467487915, 0.7549735366930309, 0.8953584652627076, 0.4984503200649973, 17.258816581915443, 10.818657617649206, 8.82924849150406, 7.10368887373902]","[0.031598775656561696, 0.8360404001874726, 0.9855713627864474, 0.522960679102013, 16.931037515197225, 10.414492335714197, 10.799296350717844, 2.259069007137811, 0.63891404356333]"
744228101,951766533,V1,VISp,evaluation,point,66.667,23.333,300,10.527507,11.510913,17.1766154,10.802485,10.4013741,9.04245088,409.620992,0.451218415,0.49618522,False,22.8233846,16.0746932,10.8611067,12.639801,6.92087846,35.6601735,1.826329,380.984045,0.442370852,0.496680066,-0.000494845882,0.00884756312,False,False,"[0.026561737352068772, 0.7573298513308592, 0.8892554280894113, 0.4959868866235318, 17.176615360678475, 10.802484984287446, 10.401374130014668, 9.042450878058839]","[0.026251381370028283, 0.8660745941006526, 0.9601190675189217, 0.5222858348386336, 16.07469316006791, 10.861106727591624, 12.639801023502548, 6.920878455566934, 0.6223874386845916]"
744228101,951766540,V1,VISp,calibration,aperture,65,15,400,9.3685896,10.023134,17.8715461,5.28996605,6.92909468,6.5969049,199.07744,0.805330669,0.963796528,False,22.1284539,,,,,,,,,,,,False,False,"[0.08252825314228857, 3.30713433329696, 2.4526751539230873, 2.5911338293678945, 17.87154606973561, 5.289966047735829, 6.929094679415892, 6.596904900053545]",[]
744228101,951766540,V1,VISp,calibration,point,65,15,400,9.3685896,10.023134,17.8981979,5.2646652,8.60780037,8.38921584,314.498721,0.805343858,0.963403895,False,22.1018021,,,,,,,,,,,,False,False,"[0.08158873308826954, 3.4624058963226783, 2.573475347094304, 2.7182208887950194, 17.898197882628924, 5.264665196822619, 8.60780036995958, 8.389215836522874]",[]
744228101,951766547,V1,VISp,calibration,aperture,90,15,200,9.9534951,86.103448,40.4775254,4.03481326,6.76246065,6.11454234,180.083548,0.425837238,0.40085705,False,-0.477525447,,,,,,,,,,,,False,False,"[0.027687697273394395, 1.2318484627594053, 0.7702592596426246, 0.05697452193693836, 40.477525446872846, 4.0348132572268, 6.762460654489108, 6.114542341722931]",[]
744228101,951766547,V1,VISp,calibration,point,90,15,200,9.9534951,86.103448,38.0236329,3.66077702,6.52708685,7.69934601,218.86613,0.425742034,0.401855739,False,1.97636706,,,,,,,,,,,,False,False,"[0.028482568894656047, 1.3565939749876241, 0.8794175775111029, 0.05368739175170013, 38.02363293669495, 3.660777023316389, 6.527086846356859, 7.6993460131378635]",[]
744228101,951766563,V1,VISp,evaluation,aperture,73.333,16.667,300,7.5669574,9.5557872,19.042167,8.18552667,5.3277548,2.44029794,56.6229395,0.479001534,0.537810271,False,20.957833,18.9810825,8.18993572,5.30088738,2.39788148,-2.73134959,2.21065446,55.3581567,0.479496643,0.53952703,-0.00171675852,-0.000495108953,False,False,"[0.04371753598301542, 0.777166416381923, 1.3059571921397772, 4.252719206031446, 19.042166984857822, 8.185526674972657, 5.327754804689199, 2.4402979372413665]","[0.04391878351404616, 0.7747516050021911, 1.3034677277503064, 4.259997241687639, 18.98108249550052, 8.189935724627091, 5.300887380252644, 2.3978814800422685, -0.047671043399865054]"
744228101,951766563,V1,VISp,evaluation,point,73.333,16.667,300,7.5669574,9.5557872,18.9819446,7.2474538,7.75159099,6.16658153,208.180792,0.476331298,0.529283765,False,21.0180554,18.9462195,7.18865072,7.7898261,6.06114784,-9.15594159,1.28520642,205.630707,0.476744391,0.531253259,-0.00196949405,-0.000413093025,False,False,"[0.04011981506510035, 0.9148268588761702, 1.5106926857362475, 4.863065575035117, 18.981944567614423, 7.247453795291234, 7.751590988282148, 6.166581529707947]","[0.04056338796189295, 0.9102358303491029, 1.513826888038179, 4.923390172040626, 18.94621950393592, 7.188650717532418, 7.789826101203418, 6.061147844705847, -0.15980132691955107]"
744228101,951766570,V1,VISp,calibration,aperture,73.333,16.667,300,9.4271057,8.9896912,22.3004175,7.84890822,5.75775667,6.46152608,162.029368,0.584299323,0.618182419,False,17.6995825,,,,,,,,,,,,False,False,"[0.05087537737996709, 1.6152722737489935, 1.5726548604022705, 1.2082860647088296, 22.30041752910553, 7.84890821509671, 5.7577566679776275, 6.461526082112222]",[]
744228101,951766570,V1,VISp,calibration,point,73.333,16.667,300,9.4271057,8.9896912,22.3981319,7.76855809,8.00753076,8.56441433,298.676886,0.585758511,0.618938033,False,17.6018681,,,,,,,,,,,,False,False,"[0.04862880957810587, 1.643772782181943, 1.597016435863957, 1.2304930977568793, 22.398131907696794, 7.768558085194801, 8.007530755633178, 8.564414326320355]",[]
744228101,951766578,V1,VISp,evaluation,aperture,70,15,600,8.6687643,11.623923,17.9737156,5.91245509,9.47879978,6.03617435,249.184173,0.41999201,0.497935283,False,22.0262844,17.9150608,5.99842456,9.64724675,5.9470191,11.4353686,1.62219872,249.866509,0.419028826,0.499826628,-0.00189134522,0.000963183971,False,False,"[0.027746769230270786, 0.6451620406413101, 0.6925143163814041, 0.5853026894879333, 17.97371557903437, 5.9124550904446975, 9.478799783703222, 6.036174352029116]","[0.02755685264656961, 0.647837523383886, 0.6940566271712717, 0.5793859420851917, 17.915060847323097, 5.998424563956681, 9.647246748526069, 5.947019095104953, 0.19958483340707156]"
744228101,951766578,V1,VISp,evaluation,point,70,15,600,8.6687643,11.623923,17.9456112,5.84868485,10.8198058,7.99262806,376.629557,0.419865858,0.49793972,False,22.0543888,17.9133648,5.930581,10.9364007,7.99892366,10.2369932,1.36723403,380.987997,0.419051051,0.499566587,-0.00162686672,0.000814807445,False,False,"[0.02738065591754917, 0.6630945510111599, 0.7128399565173201, 0.6038544233697742, 17.94561118696697, 5.84868484782186, 10.819805821633835, 7.992628057444735]","[0.02708270970827, 0.6640005297194175, 0.7115726067814732, 0.5957171964968387, 17.913364765967344, 5.930581002612957, 10.93640065850083, 7.998923662034257, 0.1786692361478186]"
744228101,951766587,V1,VISp,calibration,aperture,65,15,400,9.3891615,13.121783,17.8511988,6.67174283,2,2.69597395,23.4828615,0.29352909,0.406192706,True,22.1488012,,,,,,,,,,,,False,False,"[0.025208875395878867, 0.0670415317479263, 0.1611980854916726, 0.5334215375256505, 17.85119884036107, 6.671742825839395, 2.0000000000000004, 2.695973951523443]",[]
744228101,951766587,V1,VISp,calibration,point,65,15,400,9.3891615,13.121783,15.5159065,5.80565981,2.83557214,5.95069698,73.4875664,0.292588541,0.412783317,False,24.4840935,,,,,,,,,,,,False,False,"[0.025187895908497817, 0.351641021230519, 0.8000644914816931, 2.5419243744432114, 15.515906529232584, 5.805659811301876, 2.8355721405425096, 5.950696976237715]",[]
744228101,951766790,V1,VISp,evaluation,aperture,72,16,500,20.592268,32.454635,21.066858,6.19039982,2.61943028,2.68857075,30.671403,0.945803919,0.908103234,False,18.933142,22.5548287,4.47785204,8.39610285,2,-40.010018,4.19805143,73.1329472,0.933084584,0.884872726,0.0232305075,0.0127193355,True,False,"[0.1841689262170349, 1.201194021717922, 1.1028282952301396, 1.6583480481798696, 21.06685803568044, 6.19039981909828, 2.6194302817589907, 2.68857075167789]","[0.1720428685957641, 1.1444321525259635, 1.1091241864559613, 1.4794249615695405, 22.55482869616115, 4.477852035829663, 8.396102854771804, 2.0000000000000004, -0.6983065476399952]"
744228101,951766790,V1,VISp,evaluation,point,72,16,500,20.592268,32.454635,21.7869661,4.9725489,6.92384107,6.65040198,200.53968,0.94333939,0.900544109,False,18.2130339,22.003399,4.45439408,9.8038722,6.51755903,-45.1868731,1.50422454,278.283812,0.935909897,0.885905727,0.014638382,0.00742949288,False,False,"[0.17740833913485776, 1.4739432645855068, 1.3430413713556295, 2.013922636358225, 21.786966125704332, 4.972548902997504, 6.92384107004858, 6.650401977575814]","[0.16816566050711051, 1.2402521065265368, 1.1772740541906643, 1.6440503233172803, 22.003399038678644, 4.454394076630295, 9.803872204434384, 6.517559030637718, -0.7886597139727671]"
744228101,951766798,V1,VISp,evaluation,aperture,75,15,1400,33.249922,60.939285,19.225379,5.85682459,25.407418,16.1861965,1791.0622,1.18042597,1.17743977,False,20.774621,19.2169986,5.82543208,25.3953963,16.1971964,-0.789963689,1.5678884,1791.43136,1.18040103,1.1771722,0.000267568563,2.49304287e-05,False,False,"[0.4453412624599003, 1.0554943240283112, 1.020548106955208, 1.1050738071779922, 19.225378956625054, 5.856824591728122, 25.40741796357801, 16.1861964666053]","[0.445245947613572, 1.0549511792499844, 1.0210247974009263, 1.105066545346192, 19.216998603300013, 5.825432082562918, 25.39539631277236, 16.197196403733948, -0.013787467343894022]"
744228101,951766798,V1,VISp,evaluation,point,75,15,1400,33.249922,60.939285,19.2260568,5.8549967,25.9192224,16.9704268,1915.66719,1.1804306,1.17743566,False,20.7739432,19.2176116,5.82335242,25.9084258,16.9816045,-0.787347052,1.52567596,1916.13047,1.18040528,1.1771681,0.000267556594,2.53241711e-05,False,False,"[0.44501748249109324, 1.0559164465006063, 1.02100228084087, 1.1054701298435925, 19.226056843189355, 5.854996703996693, 25.91922237309808, 16.970426762643143]","[0.44490762898346226, 1.0553705761436352, 1.0214644953406005, 1.105443537580368, 19.21761161154731, 5.823352419790949, 25.908425777462654, 16.98160449928625, -0.01374179841879375]"
744228101,951766805,V1,VISp,calibration,aperture,60,15,200,9.3199025,7.0019162,10.3520656,1.57721669,2.55331348,6.94358242,77.2134684,0.321062095,0.449626738,False,29.6479344,,,,,,,,,,,,False,False,"[0.018088237980866145, 0.7108143153602449, 0.9831284764758749, 0.4754354117680394, 10.352065581296497, 1.5772166903375444, 2.553313475997062, 6.943582415323178]",[]
744228101,951766805,V1,VISp,calibration,point,60,15,200,9.3199025,7.0019162,10.5802837,1.51973198,6.49564542,9.07084872,256.611174,0.32093601,0.449769992,False,29.4197163,,,,,,,,,,,,False,False,"[0.016702489110034465, 0.7297513605658614, 1.0008418447865715, 0.4840051089802502, 10.580283677887394, 1.5197319830585065, 6.495645420388594, 9.0708487187045]",[]
744228101,951766813,V1,VISp,evaluation,aperture,73.333,16.667,300,7.1610451,10.374648,21.1591529,7.21455217,6.64822371,3.42963367,99.3021584,0.351788763,0.446223337,False,18.8408471,21.0660692,7.05950968,6.83553967,3.47257428,-11.6821047,1.96843584,103.37837,0.350768868,0.449250752,-0.00302741455,0.00101989467,False,False,"[0.02269604459451532, 0.39972517790525625, 0.8933440284371493, 2.1683131620477627, 21.159152898429905, 7.214552166248054, 6.648223710411831, 3.4296336700739407]","[0.022271507971277037, 0.39171224903704327, 0.8972619707452595, 2.148762626712767, 21.066069188986305, 7.059509676537052, 6.835539673026784, 3.472574275097315, -0.20389119142185486]"
744228101,951766813,V1,VISp,evaluation,point,73.333,16.667,300,7.1610451,10.374648,21.1436298,6.76490391,8.5461273,6.20487066,230.944392,0.349885617,0.445209465,False,18.8563702,21.2148719,6.71945576,8.67195315,6.07630821,-12.1765362,1.42717467,229.489092,0.349554951,0.448782698,-0.00357323316,0.000330665624,False,False,"[0.02177753286596233, 0.4645729509251897, 1.0253506285026712, 2.508874503883197, 21.143629763841453, 6.764903912276927, 8.546127296104599, 6.204870661394889]","[0.021843721872043538, 0.4520828612948413, 1.0474698790566301, 2.526167094244963, 21.214871917435453, 6.719455763861928, 8.671953148762382, 6.076308214446494, -0.21252064894483458]"
744228101,951773013,HVA,VISrl,evaluation,aperture,47.143,-11.429,1400,101.01106,244.48543,8.62033354,-19.1229855,41.9357257,17.8680789,3263.37779,2.16559367,1.77618432,False,20.8770145,8.6922024,-19.0120003,41.7335136,17.8073186,1.37014225,2.34361582,3236.59835,2.16547728,1.77635098,-0.000166660608,0.000116395802,False,False,"[6.199796834750252, 2.274497045180618, 1.9049375423798964, 1.8079334609200932, 8.620333538982612, -19.12298548387035, 41.935725682058425, 17.868078917662125]","[6.202680480387898, 2.280528535334809, 1.903523749583561, 1.8069248654895884, 8.692202397172608, -19.01200034509235, 41.73351359544334, 17.80731858149327, 0.02391349356825012]"
744228101,951773013,HVA,VISrl,evaluation,point,47.143,-11.429,1400,101.01106,244.48543,8.61339159,-19.1248579,42.2311578,18.5670009,3414.91641,2.1655906,1.77618004,False,20.8751421,8.68595226,-19.0148147,42.0344344,18.5107222,1.3550783,2.27081547,3388.70607,2.16547611,1.77634715,-0.000167107264,0.000114488224,False,False,"[6.199697367411163, 2.275193987676815, 1.9057426601999188, 1.8086086157485042, 8.613391591644552, -19.12485786495822, 42.23115780881579, 18.56700094275443]","[6.20249696820296, 2.2811883089124874, 1.9043172832409108, 1.8075898907855705, 8.685952255940908, -19.014814725950554, 42.03443435722297, 18.51072220399498, 0.023650577885544033]"
744228101,951773050,HVA,VISrl,calibration,aperture,60,15,600,22.913954,27.035275,8.08222044,4.78417177,15.93259,10.2384551,710.437927,2.29905684,2.09248938,False,31.9177796,,,,,,,,,,,,False,False,"[1.5391655720315702, 5.771209218663253, 7.896539614170946, 9.73021634855823, 8.082220438585836, 4.784171774137257, 15.932589989950175, 10.238455064103809]",[]
744228101,951773050,HVA,VISrl,calibration,point,60,15,600,22.913954,27.035275,8.08493034,4.77831547,16.725414,11.4364325,833.053278,2.2986474,2.09190849,False,31.9150697,,,,,,,,,,,,False,False,"[1.5370642734841178, 5.802020119766249, 7.93825356034722, 9.780184144712667, 8.084930343316417, 4.778315469369491, 16.72541404210409, 11.436432492200883]",[]
744228101,951773056,HVA,VISrl,evaluation,aperture,26,-24,1000,-8.7807293,-24.587548,-25.7251398,-31.4657994,20.1408615,4.24856237,372.670805,0.600931328,0.655380946,False,8.53420057,-27.7415886,-30.869207,22.5789318,3.43790286,-9.30909182,6.56764684,338.066644,0.593813743,0.658016557,-0.00263561069,0.00711758478,False,False,"[0.03940446218945798, 0.709515074174718, 0.6097485813733557, 0.6998659345976272, -25.725139781588904, -31.465799434450144, 20.140861537436358, 4.248562367080126]","[0.039416561308456256, 0.7317602459764867, 0.6230109107916226, 0.6935379846370845, -27.74158857724924, -30.869206981109592, 22.578931816386984, 3.4379028550418553, -0.16247430258062145]"
744228101,951773056,HVA,VISrl,evaluation,point,26,-24,1000,-8.7807293,-24.587548,-25.8347141,-31.6683475,20.8767516,7.10224362,645.749113,0.600402923,0.655247961,False,8.33165247,-27.108883,-31.1614896,23.3022377,6.60293129,-9.61559535,3.52907469,670.100181,0.592625568,0.657239383,-0.0019914222,0.0077773551,False,False,"[0.03886022896862391, 0.7187764731167293, 0.6180067782311292, 0.7093170806318642, -25.83471411285424, -31.668347534700455, 20.876751588897672, 7.102243620034085]","[0.03850889584199794, 0.7608478732394349, 0.6448264882535708, 0.716354460211135, -27.108883018517936, -31.16148957691248, 23.302237692689435, 6.602931287073979, -0.1678237983637989]"
744228101,951773091,HVA,VISrl,evaluation,aperture,15,-5,400,44.033758,350.362,-33.8155131,-17.480821,16.3055191,8.6333233,613.081151,2.53565753,2.61095314,False,6.18448692,-34.0776417,-18.0864923,17.1976476,8.88049939,14.1599739,1.93656312,665.138006,2.53126914,2.59889699,0.0120561519,0.00438839205,False,False,"[1.7280292439410352, 2.782345905731649, 4.704593300165744, 5.889088067032275, -33.81551307823588, -17.480820990620707, 16.305519106598112, 8.633323304006137]","[1.713754513421447, 2.733609955800334, 4.6075315985474345, 5.77483170307677, -34.077641679266286, -18.086492288784676, 17.197647630345458, 8.88049938605096, 0.24713816702091496]"
744228101,951773091,HVA,VISrl,evaluation,point,15,-5,400,44.033758,350.362,-33.8204813,-17.4871516,17.1057589,10.0710768,750.280367,2.53559312,2.6110626,False,6.17951869,-34.0665981,-18.0760357,17.9206534,10.306981,13.9292565,1.73869083,804.434423,2.53139199,2.59916355,0.0118990462,0.00420112852,False,False,"[1.726579448971383, 2.8011948879019917, 4.7302113679746745, 5.915289949670934, -33.82048130641292, -17.48715159370531, 17.105758877804046, 10.071076773975719]","[1.7122491315162394, 2.7489929430743922, 4.625858313687346, 5.787584158009608, -34.0665980562329, -18.07603574827283, 17.920653386244155, 10.306981043213337, 0.24311138802920595]"
744228101,951773098,HVA,VISrl,evaluation,aperture,44.706,-20,1700,121.75867,141.41043,3.19564583,-26.2915324,39.6059718,17.6957265,3052.35049,2.16036557,2.18338997,False,13.7084676,3.18088974,-26.281875,39.5927033,17.7165809,0.210600567,2.23478241,3054.9239,2.16036462,2.18333591,5.40512047e-05,9.5158851e-07,False,False,"[2.3868663129223, 1.5373194960297492, 1.5176564169693352, 2.0263541325448795, 3.1956458281812044, -26.291532404722176, 39.60597175371938, 17.695726541790858]","[2.386424838534402, 1.5369796950934687, 1.5178992402717166, 2.026463798180872, 3.1808897361564004, -26.281875017527693, 39.59270327115385, 17.71658089325272, 0.0036756732924663194]"
744228101,951773098,HVA,VISrl,evaluation,point,44.706,-20,1700,121.75867,141.41043,3.19497968,-26.2918535,39.9306647,18.4056851,3200.8392,2.16036509,2.18337708,False,13.7081465,3.18125319,-26.2825516,39.9172549,18.426382,0.193317395,2.16630997,3203.36235,2.16036467,2.18332922,4.78595788e-05,4.15403528e-07,False,False,"[2.386660960851342, 1.5378014029530984, 1.518109590304647, 2.0268819368947146, 3.194979678272791, -26.291853460066672, 39.93066465086356, 18.405685118401074]","[2.3861999330749715, 1.5375080204448004, 1.5183942984166878, 2.0269398942993355, 3.181253187164525, -26.282551556728293, 39.91725494672374, 18.42638198520716, 0.0033740250380680514]"
744228101,951773207,HVA,VISrl,calibration,aperture,37.778,-1.111,900,53.203291,77.243777,-8.96553857,-9.74864392,18.2485275,13.3048239,1057.40726,1.26868988,1.23283801,False,30.2513561,,,,,,,,,,,,False,False,"[3.056889727057217, 0.6608341176789605, 3.390318159893773, 3.1167521691623987, -8.96553857134459, -9.74864391890598, 18.248527524040654, 13.304823949570363]",[]
744228101,951773207,HVA,VISrl,calibration,point,37.778,-1.111,900,53.203291,77.243777,-8.96064351,-9.75185623,18.9529771,14.2697781,1177.87713,1.26872712,1.23280724,False,30.2481438,,,,,,,,,,,,False,False,"[3.0558276184456883, 0.6631763470249192, 3.391956304697347, 3.1177728359704426, -8.960643510385689, -9.751856225677912, 18.952977091794196, 14.269778128956826]",[]
744228101,951773224,HVA,VISrl,evaluation,aperture,35.789,-5.789,1900,49.765497,66.314877,-10.529205,-14.7244249,33.773294,19.926209,2930.9164,1.23167638,1.22252204,False,25.2755751,-10.4311175,-14.6728105,33.8075791,19.9407967,-1.94116708,1.69539761,2936.03959,1.23157867,1.2237892,-0.00126716535,9.7708039e-05,False,False,"[4.847846800997478, 4.096285141819609, 5.522802500380759, 5.122405390654825, -10.529205000930522, -14.724424855872773, 33.773293950784506, 19.926209036642085]","[4.846923924704929, 4.09749041438243, 5.521158382178792, 5.114793481374775, -10.431117484479541, -14.672810548721953, 33.80757905838204, 19.94079669149384, -0.033879756843263165]"
744228101,951773224,HVA,VISrl,evaluation,point,35.789,-5.789,1900,49.765497,66.314877,-10.5293206,-14.7250672,34.1524646,20.5612107,3058.27169,1.231673,1.22252587,False,25.2749328,-10.4312293,-14.6734726,34.186338,20.5751614,-1.94191156,1.66153438,3063.38204,1.23157514,1.22379374,-0.00126786462,9.78578072e-05,False,False,"[4.846974976750509, 4.097505977360077, 5.5240530435037964, 5.123535407631012, -10.529320617444702, -14.72506717588477, 34.15246463163678, 20.561210734676116]","[4.846069611383603, 4.098692206715664, 5.522399817921176, 5.115924374036505, -10.431229277087366, -14.673472583348678, 34.18633801122267, 20.57516139412073, -0.03389275045819318]"
744228101,951773230,HVA,VISrl,evaluation,aperture,48.182,-4.545,1100,24.995503,26.000148,-3.02918417,-13.9137384,17.5260475,15.6927773,1197.81328,1.62204749,1.52798505,False,26.0862616,-2.99718585,-14.3229921,19.3208432,13.6160326,-36.0691457,1.41897745,1145.72922,1.59846712,1.51276883,0.015216224,0.0235803604,False,False,"[0.7886774939464865, 4.483182021962785, 4.852664381169385, 4.448692839847478, -3.029184167618025, -13.913738408327209, 17.526047472086095, 15.692777324981419]","[0.8023431384185902, 4.60824899900725, 4.9945001298374, 4.6057776535802475, -2.9971858513213756, -14.322992084861282, 19.320843199788165, 13.616032604922456, -0.6295253512642442]"
744228101,951773230,HVA,VISrl,evaluation,point,48.182,-4.545,1100,24.995503,26.000148,-3.03021692,-13.9144687,18.2537454,16.506073,1312.20316,1.62207747,1.52803268,False,26.0855313,-2.99662087,-14.3259935,19.988477,14.5467881,-36.1113769,1.37408181,1266.34531,1.59847109,1.51282568,0.0152069992,0.0236063804,False,False,"[0.7874078988555837, 4.48561706066329, 4.85536327431246, 4.451785841213249, -3.0302169208523524, -13.914468693670182, 18.253745367651533, 16.50607304111028]","[0.8008510966771679, 4.611786748745928, 4.998357118464207, 4.610131132846196, -2.9966208664129073, -14.325993520350304, 19.988476968101825, 14.546788100942917, -0.6302624239427272]"
744228101,951773241,HVA,VISrl,evaluation,aperture,31.667,-11.667,600,56.461254,67.511169,-18.8248228,-19.0234084,12.3852146,14.1997801,765.932476,1.42694013,1.63582868,False,20.9765916,-18.8474144,-19.0216717,14.7172517,11.9385809,-68.0509736,1.23274716,765.217251,1.42701048,1.63502417,0.000804515426,-7.03563675e-05,False,False,"[0.3916625816462728, 0.9111829491518755, 0.6460350354232676, 0.5003013870914389, -18.824822809233456, -19.023408368528568, 12.385214574709654, 14.199780124265608]","[0.3917823201954351, 0.9168537949192992, 0.6474843292821593, 0.4942590416137759, -18.847414428602534, -19.021671722331345, 14.717251669244853, 11.938580887522912, -1.1877135485782877]"
744228101,951773241,HVA,VISrl,evaluation,point,31.667,-11.667,600,56.461254,67.511169,-18.8124206,-19.0300539,13.3930837,15.0614198,878.52035,1.42692018,1.63583124,False,20.9699461,-18.8382977,-19.0262026,15.5584257,12.9928901,-68.0209511,1.19745689,880.393331,1.42699154,1.63502606,0.000805186579,-7.13606641e-05,False,False,"[0.3916496462678836, 0.9142623751359104, 0.6484215103069321, 0.5019585835478296, -18.812420608927123, -19.030053868824147, 13.393083662688943, 15.06141984083412]","[0.3916996639169779, 0.9193825289449049, 0.6495457145752053, 0.49575147633188005, -18.838297664143457, -19.02620257803175, 15.558425728330302, 12.992890065945627, -1.1871895566816466]"
744228101,951773255,HVA,VISrl,evaluation,aperture,40,5,600,24.311351,31.226971,-7.70223542,-8.27473115,18.8331807,14.4505063,1185.25574,3.32381332,3.24472713,False,31.7252688,-9.33586735,-7.22091935,16.2659808,10.8383513,30.1994018,1.50077999,767.80124,3.33737342,3.21662068,0.0281064572,-0.0135600999,False,False,"[0.5668364104594258, 2.1976786626147886, 4.6142429427306615, 2.9162239687576226, -7.702235422865219, -8.274731153550391, 18.833180699736587, 14.45050632102287]","[0.7056788069488511, 2.260157639077995, 5.67865616091121, 3.2997045538335974, -9.33586735318888, -7.220919345801508, 16.265980809948715, 10.838351316796887, 0.5270789927190682]"
744228101,951773255,HVA,VISrl,evaluation,point,40,5,600,24.311351,31.226971,-7.70498703,-8.24947633,19.4445534,15.2988395,1295.57271,3.32404195,3.2446035,False,31.7505237,-9.34195041,-7.20327551,17.0410137,11.9303565,30.3633596,1.42837422,885.429886,3.3371938,3.2166256,0.0279778965,-0.0131518543,False,False,"[0.5679398905335736, 2.202081895033778, 4.629269412099472, 2.923185240194237, -7.704987027181211, -8.249476327061926, 19.44455344080984, 15.29883952409775]","[0.7059676106466398, 2.2723136832409283, 5.71641239058649, 3.3167745761412135, -9.34195041083644, -7.203275513674212, 17.04101369302268, 11.930356512597777, 0.5299405973851332]"
744228101,951773261,HVA,VISrl,calibration,aperture,38,-26,500,178.00348,69.245175,-16.4749806,-32.5096601,15.3230733,10.166825,678.479227,1.05382785,1.05725617,False,7.49033993,,,,,,,,,,,,False,False,"[1.7673045623525412, 1.0371845057118254, 1.0654326477078275, 1.1218359119494374, -16.474980607095567, -32.50966006789731, 15.3230733120137, 10.166824965545215]",[]
744228101,951773261,HVA,VISrl,calibration,point,38,-26,500,178.00348,69.245175,-16.4184499,-32.4684993,16.1214802,11.1729443,784.472777,1.05380493,1.05717357,False,7.5315007,,,,,,,,,,,,False,False,"[1.7679674690344913, 1.047849014466969, 1.0768718080928728, 1.1364991980377943, -16.418449897474588, -32.46849930338367, 16.121480189449, 11.172944300741054]",[]
744228101,951773266,HVA,VISrl,evaluation,aperture,60.909,-13.636,1100,57.58965,81.160082,-1.2385997,-16.9040462,42.0520675,26.5581124,4863.95879,1.30216814,1.34958384,False,23.0959538,1.02462978,-16.9044485,43.6217681,26.4740888,-19.7301346,1.64771556,5029.55561,1.29868065,1.3479329,0.0016509323,0.00348749248,False,False,"[1.267094047900997, 1.5832477362277628, 1.1056243528057077, 1.4436360636229324, -1.2385996982361762, -16.90404617908109, 42.05206754789143, 26.558112386201476]","[1.2279208715796814, 1.647182720228616, 1.1575903804002685, 1.4848784521499652, 1.0246297825939277, -16.904448498633318, 43.62176809382858, 26.474088755688285, -0.34435581062035947]"
744228101,951773266,HVA,VISrl,evaluation,point,60.909,-13.636,1100,57.58965,81.160082,-1.23825246,-16.9045167,42.3556744,27.0337314,4986.81118,1.30216857,1.3495834,False,23.0954833,1.02486726,-16.905198,43.9218891,26.9587991,-19.729229,1.62922276,5156.87831,1.29868253,1.34793113,0.00165226904,0.00348603757,False,False,"[1.26695418845532, 1.5833712140759475, 1.1057884146256394, 1.4437781796866032, -1.2382524627878233, -16.904516735019932, 42.35567437911578, 27.033731359329945]","[1.227510533873809, 1.6474356652313051, 1.157994036104854, 1.485175831986398, 1.0248672600720792, -16.905198022187065, 43.92188914368274, 26.9587990764822, -0.34434000426423195]"
744228101,951773272,HVA,VISrl,calibration,aperture,35,-5,400,15.224393,14.794858,-11.6079199,-16.2074232,9.54140773,10.582136,439.735089,1.26179505,1.2721559,False,23.7925768,,,,,,,,,,,,False,False,"[0.3083739665994374, 2.786046547907861, 3.962898990433078, 4.978252973723336, -11.607919903207614, -16.20742317975204, 9.541407731084304, 10.582135974028086]",[]
744228101,951773272,HVA,VISrl,calibration,point,35,-5,400,15.224393,14.794858,-11.6210279,-16.2158517,10.8453403,11.7734262,556.09806,1.26173826,1.27226553,False,23.7841483,,,,,,,,,,,,False,False,"[0.3070244477930388, 2.8093053762745597, 3.9950353573298463, 5.015199277695727, -11.621027873709826, -16.21585170002178, 10.845340291562254, 11.773426230873307]",[]
744228101,951773277,HVA,VISrl,evaluation,aperture,46.667,-11.111,900,29.612252,27.146325,-1.86262151,-21.87422,17.7989179,15.0047808,1163.13088,1.43936196,1.37074258,False,18.12578,-1.87363468,-21.8090488,17.8423504,15.0341143,4.78173016,1.18679092,1168.24852,1.4391631,1.37091023,-0.000167648319,0.000198863432,False,False,"[0.5744088808531135, 2.8701882333016844, 2.5970460681070344, 3.8143425352122833, -1.8626215089635703, -21.87421996247568, 17.79891794462164, 15.004780771424826]","[0.5727304722310909, 2.8659259370711574, 2.594683811313033, 3.8097660240776046, -1.8736346767292322, -21.80904877830353, 17.842350377162116, 15.03411427116198, 0.08345693515239017]"
744228101,951773277,HVA,VISrl,evaluation,point,46.667,-11.111,900,29.612252,27.146325,-1.87202898,-21.8768117,18.5004266,15.8374067,1276.06013,1.43935,1.37066003,False,18.1231883,-1.88068075,-21.811922,18.5440943,15.8674357,4.71155077,1.1686888,1281.49732,1.43915099,1.37083648,-0.000176442636,0.00019901717,False,False,"[0.5742272134595879, 2.874401103091356, 2.6008499799352602, 3.819409313700128, -1.8720289849450413, -21.876811661593138, 18.50042656631528, 15.837406673196373]","[0.5724785927162849, 2.8697271053696856, 2.598115940924428, 3.8145503580663886, -1.8806807523367848, -21.811922004335543, 18.544094330465068, 15.867435680117152, 0.08223207387617304]"
744228101,951773283,HVA,VISrl,calibration,aperture,23.333,-9.333,1500,34.128937,40.680496,-27.4686476,-16.2117601,17.8156113,20.0534953,1555.9518,1.17800778,1.13711932,False,12.5313524,,,,,,,,,,,,False,False,"[0.3318249794838502, 1.3185058455495098, 1.7273868733091324, 1.9656010938499302, -27.468647614990847, -16.21176014920866, 17.815611282342758, 20.05349531079084]",[]
744228101,951773283,HVA,VISrl,calibration,point,23.333,-9.333,1500,34.128937,40.680496,-27.4745235,-16.2129245,18.5316443,20.6909559,1669.93605,1.17804358,1.13715525,False,12.5254765,,,,,,,,,,,,False,False,"[0.33158982712608626, 1.3188704185308415, 1.727624696344116, 1.9658520946020404, -27.474523504989126, -16.212924527150353, 18.531644267877926, 20.69095593922706]",[]
744228101,951773299,HVA,VISrl,calibration,aperture,24.444,-6.667,900,10.664079,22.929411,-24.7291832,-17.8675103,18.4016625,7.71382015,618.204126,1.48313599,1.36382595,False,15.2708168,,,,,,,,,,,,False,False,"[0.23739198435396694, 3.753707249306316, 6.013050983828724, 8.586456799932702, -24.729183180763187, -17.867510292040812, 18.401662505692226, 7.713820145137679]",[]
744228101,951773299,HVA,VISrl,calibration,point,24.444,-6.667,900,10.664079,22.929411,-24.7262319,-17.881941,19.1196807,9.28858599,773.455924,1.48433268,1.36430099,False,15.2737681,,,,,,,,,,,,False,False,"[0.23517653184496617, 3.7852032122118318, 6.057238078281956, 8.655538836109029, -24.72623187718795, -17.881940975543106, 19.119680680705116, 9.288585986527032]",[]
744228101,951773304,HVA,VISrl,calibration,aperture,13.333,-3.333,300,23.516847,325.76358,-60,-13.0516433,35.9022757,10.4135275,1628.26533,1.77682255,1.77054197,True,-20,,,,,,,,,,,,False,False,"[0.7201711023105255, 5.324077140508397, 4.988034147375583, 3.400185204532297, -59.99999999995993, -13.051643327583113, 35.90227570345469, 10.413527486510791]",[]
744228101,951773304,HVA,VISrl,calibration,point,13.333,-3.333,300,23.516847,325.76358,-60,-13.0522384,36.2914184,11.6199778,1836.59995,1.77690986,1.77057522,True,-20,,,,,,,,,,,,False,False,"[0.7188834800541797, 5.328596005136748, 4.990859221899747, 3.404209196946159, -59.999999999997144, -13.052238439788349, 36.2914184031553, 11.619977773791561]",[]
744228101,951773309,HVA,VISrl,calibration,aperture,60,-20,1300,73.367445,45.184367,7.75861954,-28.5929307,26.6860956,11.2020783,1301.93401,0.937482077,0.929585826,False,11.4070693,,,,,,,,,,,,False,False,"[0.10646428208627845, 0.3824151442476597, 0.42481812036478694, 0.33312364748856044, 7.758619544887784, -28.592930708116032, 26.68609562417992, 11.202078301461594]",[]
744228101,951773309,HVA,VISrl,calibration,point,60,-20,1300,73.367445,45.184367,7.78557907,-28.6095856,27.1144472,12.3205187,1454.90647,0.937514664,0.929678243,False,11.3904144,,,,,,,,,,,,False,False,"[0.10645940975041544, 0.3833781850054178, 0.42565892894780577, 0.33391335942185485, 7.78557906596661, -28.609585560464946, 27.114447167339037, 12.320518683291459]",[]
744228101,951773316,HVA,VISrl,calibration,aperture,33.333,-6.667,600,38.553221,43.970352,-12.9180839,-18.4914678,14.5096816,12.8441144,811.647354,1.13656709,1.22020395,False,21.5085322,,,,,,,,,,,,False,False,"[0.2618526577514941, 1.1920030350050372, 0.8741123402292033, 0.5929037828252577, -12.918083858118887, -18.491467842678198, 14.509681644846658, 12.844114372149482]",[]
744228101,951773316,HVA,VISrl,calibration,point,33.333,-6.667,600,38.553221,43.970352,-12.9206396,-18.4853388,15.3898322,13.8370129,927.430898,1.13657557,1.22020852,False,21.5146612,,,,,,,,,,,,False,False,"[0.26160117198418603, 1.1931795058066104, 0.87535005238819, 0.5940579126894812, -12.920639574783388, -18.485338830682515, 15.38983217748173, 13.837012947287386]",[]
744228101,951773321,HVA,VISrl,calibration,aperture,29.231,6.154,1300,47.083099,109.89261,-18.373528,-3.84426647,17.1415292,9.43046167,704.024621,1.09497588,1.08118949,False,21.626472,,,,,,,,,,,,False,False,"[0.41164642813170743, 0.39310072026697856, 0.16653502604282058, 1.0068521292877304, -18.373528000233378, -3.844266473422329, 17.14152923544164, 9.430461667079001]",[]
744228101,951773321,HVA,VISrl,calibration,point,29.231,6.154,1300,47.083099,109.89261,-18.3664954,-3.83977735,17.8386749,10.6731227,829.200248,1.0949977,1.08121076,False,21.6335046,,,,,,,,,,,,False,False,"[0.41188608971566576, 0.39434289097451414, 0.1672169723106953, 1.0165892854800143, -18.366495445880815, -3.83977735258669, 17.838674902391283, 10.673122717048816]",[]
744228101,951773331,HVA,VISrl,calibration,aperture,42.857,5.714,700,28.243569,33.967931,-6.17512629,-5.57875735,17.9104985,9.28344693,724.13954,1.51314168,1.57672671,False,33.8248737,,,,,,,,,,,,False,False,"[0.9530489750534309, 3.227175533960367, 2.572537298902386, 2.935065508606457, -6.175126287587954, -5.578757350710317, 17.910498469999908, 9.283446932903127]",[]
744228101,951773331,HVA,VISrl,calibration,point,42.857,5.714,700,28.243569,33.967931,-6.18039038,-5.56880352,18.6359034,10.6262889,862.4569,1.51301003,1.57667467,False,33.8196096,,,,,,,,,,,,False,False,"[0.9513025934858051, 3.240233792127615, 2.584848557422082, 2.9494910175553146, -6.180390377949716, -5.568803517267081, 18.6359034187559, 10.626288934901991]",[]
744228101,951773341,HVA,VISrl,calibration,aperture,45,-6.667,600,11.547013,22.731025,-6.67999693,-19.6719883,17.0358885,7.21433771,535.262215,1.16994079,1.13950455,False,20.3280117,,,,,,,,,,,,False,False,"[0.20929097831700125, 0.9817273477919836, 2.4295026022063855, 4.821549566904918, -6.6799969274570845, -19.67198831750162, 17.035888515643787, 7.214337712814038]",[]
744228101,951773341,HVA,VISrl,calibration,point,45,-6.667,600,11.547013,22.731025,-6.67468551,-19.6719132,17.7642817,8.86515219,685.865844,1.16957285,1.13930657,False,20.3280868,,,,,,,,,,,,False,False,"[0.20830704670590183, 0.9978875126481345, 2.462485037933613, 4.892683389308051, -6.6746855127568265, -19.671913247868897, 17.76428167511264, 8.86515218702577]",[]
744228101,951773349,HVA,VISrl,evaluation,aperture,56.364,0.909,1100,53.409027,61.554414,5.88615791,-9.44466251,21.7391674,16.5518306,1567.09119,0.763128253,0.763137843,False,30.5553375,6.23119502,-8.74762474,20.4896682,14.7066606,-16.7028861,1.39322371,1312.36405,0.762415875,0.766931521,-0.00379367777,0.000712378068,False,False,"[2.2468124511645486, 2.1972037126511683, 1.9263738637384633, 1.6028302014954927, 5.886157912249751, -9.44466251344064, 21.739167384775456, 16.551830616080544]","[2.301407079120301, 2.2916803343623062, 1.9932676702768906, 1.6267381912295127, 6.231195017979852, -8.747624743843495, 20.48966822252385, 14.706660572715258, -0.2915203564840916]"
744228101,951773349,HVA,VISrl,evaluation,point,56.364,0.909,1100,53.409027,61.554414,5.88575038,-9.44344018,22.3279696,17.317885,1684.02841,0.763128966,0.763133209,False,30.5565598,6.23030746,-8.74321747,21.1138756,15.560483,-16.7270067,1.35689076,1430.85742,0.762411033,0.766939127,-0.00380591791,0.000717933396,False,False,"[2.246315104655705, 2.1981123882414404, 1.9272914330282869, 1.6039441042901696, 5.885750380847089, -9.443440181768647, 22.327969586943492, 17.317885036158813]","[2.3009790666524523, 2.2936057729383394, 1.9949914253442507, 1.6284583276661615, 6.230307460724217, -8.743217466106168, 21.11387555060617, 15.560482997948895, -0.29194134091939317]"
744228101,951773442,HVA,VISrl,calibration,aperture,60,-25,600,189.94149,19.773824,9.59721154,-30.1014331,9.71978365,6.38149639,270.137238,1.54492753,1.3874559,False,9.89856688,,,,,,,,,,,,False,False,"[0.2566501575118345, 2.7553677067897837, 2.590703080473331, 2.2786311681517857, 9.597211540929907, -30.10143311971437, 9.719783649397224, 6.3814963906864115]",[]
744228101,951773442,HVA,VISrl,calibration,point,60,-25,600,189.94149,19.773824,9.57753672,-30.1596905,11.0040256,8.45135563,405.02637,1.54588276,1.38840814,False,9.84030954,,,,,,,,,,,,False,False,"[0.2553333709212411, 2.7807629872183273, 2.61504153334173, 2.298105540520612, 9.577536715288035, -30.159690460802185, 11.004025637661504, 8.451355631853263]",[]
744228101,951773451,HVA,VISrl,calibration,aperture,75.385,-18.462,1300,50.788186,24.107471,22.847752,-24.9003228,11.39456,12.1026829,600.598914,1.04744775,1.06110741,False,15.0996772,,,,,,,,,,,,False,False,"[0.17597099016793624, 1.0648827932579426, 1.814035548592342, 0.9030214842361093, 22.84775198459156, -24.900322799149126, 11.394559997497266, 12.102682868727216]",[]
744228101,951773451,HVA,VISrl,calibration,point,75.385,-18.462,1300,50.788186,24.107471,22.8553773,-24.8906319,12.5152034,13.1474501,716.613153,1.04746517,1.06115157,False,15.1093681,,,,,,,,,,,,False,False,"[0.17572351712931356, 1.067436204587263, 1.8192830494398378, 0.9056697315460674, 22.85537730017854, -24.890631912462958, 12.515203430988779, 13.147450130070851]",[]
744228101,951773457,HVA,VISrl,calibration,aperture,42.5,-21.25,800,17.51132,19.132863,-6.94076518,-29.3559456,14.4455477,10.6323257,668.909888,2.43520434,2.45701957,False,10.6440544,,,,,,,,,,,,False,False,"[0.5066595572055814, 7.656965905981607, 5.670289904560396, 9.660846725777407, -6.940765183306462, -29.355945583744486, 14.445547745229385, 10.632325713981787]",[]
744228101,951773457,HVA,VISrl,calibration,point,42.5,-21.25,800,17.51132,19.132863,-6.9394891,-29.3536796,15.3248223,11.7910452,786.96077,2.43497012,2.45739282,False,10.6463204,,,,,,,,,,,,False,False,"[0.5054738952658993, 7.691342671547477, 5.693778268600079, 9.700368141961592, -6.939489095050885, -29.35367964285041, 15.324822333997409, 11.791045231189527]",[]
744228101,951773462,HVA,VISrl,evaluation,aperture,38.75,-1.25,800,17.642831,19.763201,-12.876687,-12.77348,13.6812169,12.6489406,753.675172,1.47406791,1.44899242,False,27.123313,-11.795622,-13.1373013,16.5068579,11.2724516,-34.9992893,1.46435386,810.378895,1.44676659,1.40359577,0.0453966517,0.0273013178,False,False,"[0.2750076186324912, 3.5949110937878355, 2.900832085258208, 4.095786567076128, -12.876687014177714, -12.773480009272449, 13.681216852801326, 12.648940586833968]","[0.25116817486800347, 3.5311858396932054, 2.8961921768469994, 4.028815321213037, -11.795621966206083, -13.137301267873001, 16.506857944685677, 11.272451584568753, -0.6108528341158035]"
744228101,951773462,HVA,VISrl,evaluation,point,38.75,-1.25,800,17.642831,19.763201,-12.8771603,-12.7707707,14.6113309,13.6602282,869.266732,1.47422222,1.44894679,False,27.1228397,-11.7881863,-13.1347018,17.2934515,12.3944872,-35.0511036,1.39525349,933.502688,1.44700691,1.40354267,0.0454041148,0.0272153089,False,False,"[0.273908135704216, 3.5996650287311103, 2.9053487164851135, 4.101276723664655, -12.877160338058419, -12.7707707101925, 14.611330866572011, 13.660228187178623]","[0.2499153292820989, 3.5356935694784184, 2.900887310594466, 4.034196002349527, -11.788186311680091, -13.134701798295533, 17.293451526384043, 12.394487179517753, -0.611757164886847]"
744228101,951773468,HVA,VISrl,calibration,aperture,90,45,200,22457.064,943.26151,-49.8695582,46.8721323,2.13688339,2.00399591,18.6501781,1.37513512,1.57838035,False,-9.86955816,,,,,,,,,,,,False,False,"[0.2205508082800476, 1.6116223318496479, 5.2786254243516275, 3.2584791350987286, -49.869558160413135, 46.87213233769988, 2.13688339171035, 2.0039959089637898]",[]
744228101,951773468,HVA,VISrl,calibration,point,90,45,200,22457.064,943.26151,-43.88017,42.4545579,2.60443941,2.38755369,27.0815012,1.37513909,1.57837562,False,-3.88016998,,,,,,,,,,,,False,False,"[0.22055081662186668, 1.1982303285523381, 3.9246162821412596, 2.422669415427459, -43.880169977827606, 42.45455786234368, 2.6044394102714907, 2.387553689150372]",[]
744228101,951773478,HVA,VISrl,evaluation,aperture,48,4,500,13.957499,13.904759,-3.04471855,-4.09971367,11.4431099,11.2570783,561.015795,1.06016841,1.03317802,False,35.9002863,-3.01715917,-4.17694724,12.7549658,10.2966551,-42.5026312,1.23874848,571.979934,1.04834107,1.02742315,0.00575487042,0.0118273397,False,False,"[0.08542615152038625, 3.5778708860335793, 2.9735450431216557, 2.862843717735875, -3.044718551614115, -4.099713672616454, 11.443109933940871, 11.257078348217775]","[0.08024866199094623, 3.550697952849397, 2.9604531904337246, 2.875363503634525, -3.017159173362053, -4.176947236502695, 12.754965810886386, 10.296655080156265, -0.7418108556027452]"
744228101,951773478,HVA,VISrl,evaluation,point,48,4,500,13.957499,13.904759,-3.05141157,-4.10474231,12.5418853,12.3769061,676.052232,1.06004314,1.03358943,False,35.8952577,-3.02421366,-4.17948074,13.7497279,11.5172435,-42.5299233,1.19383843,689.680557,1.04831481,1.02815765,0.00543178267,0.0117283296,False,False,"[0.08419351612950043, 3.5935427738425907, 2.9880569318305295, 2.8770136154128196, -3.051411571755452, -4.104742306381848, 12.541885290845157, 12.376906137217354]","[0.07890782415313428, 3.5653387426029766, 2.9740861829874556, 2.8885787624406634, -3.024213659742444, -4.179480740023053, 13.749727933782946, 11.517243486037316, -0.7422871921613732]"
744228101,951773484,HVA,VISrl,evaluation,aperture,45,-10,800,21.936978,24.097523,-3.86141485,-19.4896581,16.8766609,13.6855094,1005.8954,2.27436571,2.4179769,False,20.5103419,-3.79560275,-19.4692973,16.8973721,13.565668,-8.50550763,1.24559824,998.310598,2.27353972,2.42207368,-0.00409677904,0.000825988221,False,False,"[0.721143168798564, 6.725573334302691, 6.5758718185054175, 5.2788919441345135, -3.861414853151893, -19.48965807142531, 16.876660894575338, 13.685509445485012]","[0.7240830446023976, 6.750596977268386, 6.595901401767131, 5.300495152003349, -3.7956027506528147, -19.469297298485163, 16.897372128680654, 13.565667978744742, -0.14844911277463257]"
744228101,951773484,HVA,VISrl,evaluation,point,45,-10,800,21.936978,24.097523,-3.85951325,-19.4939283,17.6263865,14.6080412,1121.40013,2.27434636,2.41810823,False,20.5060717,-3.79302499,-19.4730453,17.6462973,14.4953774,-8.55877149,1.21737412,1114.00835,2.27350789,2.42220169,-0.00409346075,0.000838466856,False,False,"[0.7200236407041145, 6.734857761562632, 6.583809561078815, 5.286219118018834, -3.859513245480258, -19.493928309155944, 17.62638645316771, 14.608041188742988]","[0.72296692801512, 6.760360850451484, 6.604297165324233, 5.308178580137669, -3.793024987994346, -19.473045319975668, 17.646297315437835, 14.49537736844279, -0.14937874238644433]"
744228101,951773495,HVA,VISrl,evaluation,aperture,38.889,5.556,900,31.10289,27.872514,-11.5273398,-6.88007209,11.9796615,17.3720731,906.361657,1.36637439,1.28840595,False,28.4726602,-12.1137408,-6.76872547,20.4877778,9.78145516,59.4820396,2.09455316,872.777722,1.34912878,1.27630978,0.0120961707,0.0172456074,False,False,"[0.23328762690888882, 0.6714530178935735, 1.0665908992195399, 0.7491925022336435, -11.527339819179348, -6.8800720880652175, 11.979661508248956, 17.37207311063174]","[0.22786639411193435, 0.6998657138560052, 1.1362526873118612, 0.8180552167482259, -12.113740826519997, -6.768725467304271, 20.487777767000182, 9.781455155153202, 1.038157436909588]"
744228101,951773495,HVA,VISrl,evaluation,point,38.889,5.556,900,31.10289,27.872514,-11.528011,-6.88247086,13.0331151,18.1090561,1027.89647,1.36635647,1.28841816,False,28.471989,-12.1110116,-6.77531946,21.1270262,11.056416,59.4036046,1.91083858,1017.32114,1.34912794,1.27627264,0.0121455274,0.0172285291,False,False,"[0.23299508538093727, 0.6726895036701732, 1.068379139849516, 0.7506519685626668, -11.528011011419846, -6.882470860259274, 13.033115132518205, 18.109056107081923]","[0.22743417943572433, 0.7019780459347668, 1.1397295239939154, 0.8210256543718473, -12.111011561006007, -6.775319458134763, 21.127026234485875, 11.056415988082874, 1.03678848819351]"
744228101,951773500,HVA,VISrl,calibration,aperture,40,-7.143,700,21.265019,23.803764,-10.1792423,-16.3461364,15.5338816,12.6218938,853.905557,1.89301835,1.97578215,False,23.6538636,,,,,,,,,,,,False,False,"[0.30124268947216704, 2.6869012854599092, 2.8223216814019527, 2.6020059668920235, -10.179242285784744, -16.346136383156203, 15.533881570132445, 12.621893768864483]",[]
744228101,951773500,HVA,VISrl,calibration,point,40,-7.143,700,21.265019,23.803764,-10.1814207,-16.3429933,16.3440547,13.6120687,968.92301,1.89300943,1.97571152,False,23.6570067,,,,,,,,,,,,False,False,"[0.30082178453276853, 2.693345355161482, 2.8288739799276765, 2.6082961430522396, -10.18142072547456, -16.34299333285325, 16.344054693370087, 13.612068725869497]",[]
744228101,951773505,HVA,VISrl,calibration,aperture,55,0,800,19.055516,21.781943,6.14957475,-11.1614575,16.5260871,13.7410751,988.999517,2.88465363,2.92542532,False,28.8385425,,,,,,,,,,,,False,False,"[0.7431584256979061, 9.902637560744152, 10.905744753369994, 10.644948441608147, 6.14957474658305, -11.161457513909157, 16.526087138460845, 13.741075059231981]",[]
744228101,951773505,HVA,VISrl,calibration,point,55,0,800,19.055516,21.781943,6.14724048,-11.161068,17.2953997,14.6595845,1104.22504,2.88468638,2.92556368,False,28.838932,,,,,,,,,,,,False,False,"[0.7405337250317392, 9.916258031117211, 10.919199218083579, 10.659098321840698, 6.147240483068123, -11.161068018524697, 17.29539965135227, 14.659584461756827]",[]
744228101,951773510,HVA,VISrl,evaluation,aperture,52.857,0,700,16.228488,17.2931,1.83393343,-10.2470626,11.697698,11.1718962,569.157716,1.07633762,1.16486644,False,29.7529374,1.83343836,-10.2468976,11.6970166,11.1714411,0.660046159,1.04704634,569.101377,1.07634603,1.16486898,-2.53288601e-06,-8.40624871e-06,False,False,"[0.1284703707275819, 2.2585422619449536, 1.5974565936764504, 1.753133273124545, 1.8339334259557964, -10.247062569058702, 11.697698020107305, 11.171896220730826]","[0.12848093729729348, 2.258744118599854, 1.5974871077167094, 1.75309269985092, 1.8334383561564973, -10.24689757733849, 11.697016576978957, 11.171441131686084, 0.011519978690891719]"
744228101,951773510,HVA,VISrl,evaluation,point,52.857,0,700,16.228488,17.2931,1.82842733,-10.2629372,12.7720403,12.2712531,682.581518,1.07627554,1.16506217,False,29.7370628,1.82750764,-10.2626107,12.7711522,12.2704018,1.1943668,1.04080962,682.486704,1.07629121,1.16506675,-4.57589913e-06,-1.56778605e-05,False,False,"[0.1280238288376027, 2.2719272265994888, 1.607261499556393, 1.7631228800756762, 1.8284273318624364, -10.262937150025147, 12.772040334564423, 12.27125311862851]","[0.12804174351091496, 2.272307483826893, 1.6073041148680463, 1.7630330790921378, 1.827507638083562, -10.262610658674967, 12.771152240785776, 12.270401783694277, 0.020845633130304186]"
744228101,951773516,HVA,VISrl,evaluation,aperture,40,5,600,9.4903081,11.252415,-10.081603,-1.51067209,9.76900891,2,85.0914317,0.226725713,0.220484158,True,29.918397,-10.5847217,-1.55990624,9.75427026,2,-6.34903112,4.87713513,84.963053,0.226600561,0.225419029,-0.00493487131,0.000125151916,True,False,"[0.013037521710966782, 0.2790866132557728, 0.369118889071095, 0.13716393570824836, -10.08160304004448, -1.5106720930022273, 9.769008912177194, 2.0000000002864775]","[0.012923471758043172, 0.27837835367151476, 0.3693253786894236, 0.1390731973601297, -10.584721692714181, -1.5599062370267522, 9.754270260730738, 2.000000000000811, -0.11081149738579121]"
744228101,951773516,HVA,VISrl,evaluation,point,40,5,600,9.4903081,11.252415,-10.2003891,-2.62466432,11.0020233,5.56338975,266.573748,0.226331997,0.221586601,False,29.7996109,-9.91530917,-2.72414996,10.9899392,5.28587203,-9.25060459,2.07911564,252.998102,0.226183,0.226764519,-0.00517791836,0.000148996568,False,False,"[0.013107353587449978, 0.3178861225832752, 0.42666005613824803, 0.1573447902908367, -10.20038914397079, -2.6246643174693887, 11.00202334529435, 5.563389747949371]","[0.013308326038782906, 0.3275102944783246, 0.4460137976150424, 0.1649385035393665, -9.915309165662613, -2.7241499577292383, 10.989939193103874, 5.285872029398443, -0.16145350797747482]"
744228101,951773527,HVA,VISrl,evaluation,aperture,50,-2.857,700,14.149129,18.452956,-1.1630159,-12.242003,14.3039281,10.5629071,658.027596,1.06932233,0.984913857,False,27.757997,-1.18782171,-12.2513825,14.2726423,10.5389963,-2.10063301,1.35426961,655.102057,1.06968453,0.984860095,5.3762204e-05,-0.000362195856,False,False,"[0.11562649618898246, 2.4077904137269157, 2.16350176316041, 1.4591231224779118, -1.163015901018617, -12.242003042934622, 14.303928102776853, 10.562907071141144]","[0.11614046344617711, 2.4123604398486806, 2.1672385438025032, 1.4618210735109038, -1.1878217051686326, -12.25138249779918, 14.272642337177802, 10.538996266433063, -0.03666296233887412]"
744228101,951773527,HVA,VISrl,evaluation,point,50,-2.857,700,14.149129,18.452956,-1.16295518,-12.251223,15.1845904,11.730645,775.765221,1.06926861,0.98511077,False,27.748777,-1.18998198,-12.2614585,15.1527544,11.7064002,-2.24494975,1.29439915,772.53876,1.06965915,0.985052353,5.8416272e-05,-0.000390534699,False,False,"[0.11515127204661578, 2.4193135936637065, 2.173960195315397, 1.4665190545625006, -1.1629551817906338, -12.251223024491471, 15.184590422716694, 11.730645044039065]","[0.1157165894824197, 2.424573223190413, 2.178213249599044, 1.4695776549956903, -1.1899819759038803, -12.26145851376119, 15.152754376921195, 11.706400155122411, -0.039181764623094306]"
744228101,951773530,HVA,VISrl,calibration,aperture,30,-30,300,432.01114,47.640895,-21.4520475,-60,5.09050181,13.0469055,289.250051,0.89564666,0.836104307,True,-20,,,,,,,,,,,,False,False,"[0.16088840793762463, 0.9062221480267841, 2.361418418892033, 0.257777827173931, -21.45204746766347, -59.999999994472645, 5.090501813410182, 13.046905526834095]",[]
744228101,951773530,HVA,VISrl,calibration,point,30,-30,300,432.01114,47.640895,-21.3669384,-59.9999999,7.55495276,13.8915571,457.075571,0.895670106,0.835995533,True,-19.9999999,,,,,,,,,,,,False,False,"[0.16061904443621264, 0.9539371041786279, 2.4431691815498566, 0.27019835090697697, -21.366938425760893, -59.99999992694002, 7.554952755711266, 13.891557080124551]",[]
744228101,951773535,HVA,VISrl,evaluation,aperture,33.333,-3.333,300,9.7054455,11.604674,-17.2873187,-10.3793897,9.89022649,7.21956907,310.973114,0.748805545,0.708729824,False,22.7126813,-16.960578,-10.4439967,10.7608313,6.40579956,-23.5379194,1.67985764,300.209547,0.733481978,0.700069054,0.00866077009,0.0153235679,False,False,"[0.04610642388024275, 3.1468883085024317, 3.7036837252023473, 2.514601001230983, -17.287318686469384, -10.379389704018216, 9.890226494494646, 7.21956906959902]","[0.04494809922641435, 3.190231951535936, 3.731447913226832, 2.584070029443318, -16.96057801489843, -10.443996744464673, 10.76083132616849, 6.405799561448254, -0.4108141929967035]"
744228101,951773535,HVA,VISrl,evaluation,point,33.333,-3.333,300,9.7054455,11.604674,-17.3161089,-10.3662056,11.1497848,8.96361756,435.266389,0.750459858,0.708272316,False,22.6838911,-16.9564431,-10.4626461,11.9825626,8.26186112,-24.284132,1.45034665,431.154504,0.734716971,0.69962991,0.00864240577,0.0157428867,False,False,"[0.04434958886349324, 3.1914215783931557, 3.7462514788289494, 2.5490910183266524, -17.316108922816685, -10.36620560080762, 11.149784787764313, 8.96361755898973]","[0.0431186852089428, 3.2555866952366714, 3.7990064622806097, 2.641698329800939, -16.956443127313936, -10.462646063603922, 11.982562623771267, 8.261861120398017, -0.42383805878549197]"
744228101,951773543,HVA,VISrl,calibration,aperture,51.25,-8.75,800,20.967968,23.038116,4.48236247,-15.9388682,18.0413531,14.9411443,1173.97351,0.769567845,0.761729168,False,24.0611318,,,,,,,,,,,,False,False,"[0.05383985976030067, 0.4330776025084021, 0.41428410064760784, 0.8424996159572028, 4.48236246794051, -15.938868182710534, 18.041353113931827, 14.94114430783634]",[]
744228101,951773543,HVA,VISrl,calibration,point,51.25,-8.75,800,20.967968,23.038116,4.47548892,-15.9380407,18.7373672,15.7782403,1287.57478,0.769576621,0.761743224,False,24.0619593,,,,,,,,,,,,False,False,"[0.05379304381338851, 0.4335944002744066, 0.41480859355028604, 0.843515346441693, 4.475488922488333, -15.938040740500545, 18.73736717341876, 15.778240300995074]",[]
744228101,951773814,HVA,VISrl,evaluation,aperture,60,-30,300,1553.8995,103.82787,8.84788894,-46.9101981,22.4255055,11.9463431,1166.76275,2.38024451,2.43649688,False,-6.91019809,14.5653472,-46.2871799,24.4725246,10.7010736,-12.0210823,2.28692237,1140.54245,2.37934737,2.43568623,0.000810649088,0.0008971414,False,False,"[0.8399502101374996, 1.8925133131277048e-19, 0.8316064334451186, 3.6708049655402277, 8.847888941435155, -46.910198086561614, 22.425505453286625, 11.946343110065706]","[0.8385625326504209, 2.796326781079977e-34, 0.8307960355014555, 3.5826780647113887, 14.565347231793718, -46.28717992159825, 24.472524582713323, 10.701073583777438, -0.2098074652394093]"
744228101,951773814,HVA,VISrl,evaluation,point,60,-30,300,1553.8995,103.82787,8.85596676,-46.7621291,22.9938644,12.919126,1293.7502,2.38026168,2.43655366,False,-6.76212911,14.4443685,-46.1082635,24.9730878,11.8085702,-11.7726468,2.1148274,1284.32486,2.37938428,2.43583373,0.000719936634,0.00087739369,False,False,"[0.8398707682844915, 7.372773651191674e-19, 0.8287446976768635, 3.6597980357856295, 8.855966757818203, -46.76212911350149, 22.993864397545508, 12.919125986934061]","[0.8384475949309751, 7.839005710227049e-32, 0.8260453738537358, 3.568005333707355, 14.444368465784802, -46.108263486476055, 24.97308779932472, 11.808570214440355, -0.20547144792902605]"
744228101,951773831,HVA,VISrl,evaluation,aperture,34,-2,500,18.171279,12.316591,-12.6483885,-13.8740726,6.31252826,10.1590217,279.293322,0.57576664,0.509981741,False,26.1259274,-13.8360493,-12.8017566,12.1426413,6.13739715,-61.4630223,1.97846759,324.565777,0.571138579,0.510882372,-0.000900630757,0.00462806048,False,False,"[0.053226030302577075, 0.13491624431327826, 0.42818820830673243, 0.6489844352937676, -12.648388478810165, -13.874072610456832, 6.312528255325592, 10.159021676592042]","[0.04954422726220755, 0.17349097570706112, 0.4255485993242853, 0.6054430611166516, -13.8360492794472, -12.801756639983694, 12.142641341490474, 6.137397151440567, -1.0727321069231515]"
744228101,951773831,HVA,VISrl,evaluation,point,34,-2,500,18.171279,12.316591,-12.0103574,-14.2038531,7.20177364,10.8971659,341.789218,0.577400631,0.51332183,False,25.7961469,-13.537879,-12.809208,12.9922044,7.88773315,-62.9708851,1.64714046,446.31387,0.571447859,0.511072882,0.00224894811,0.00595277216,False,False,"[0.055849014855249283, 0.12057910702805189, 0.48104112480375094, 0.7379408047836161, -12.010357397657701, -14.20385307830603, 7.201773636825193, 10.897165904899637]","[0.050052123876189195, 0.1755968638723065, 0.44473855818572305, 0.6308751449459915, -13.537879003082173, -12.809207990618074, 12.992204407464497, 7.887733149221466, -1.0990492783470307]"
744228101,951776732,HVA,VISal,evaluation,aperture,73.529,35.294,1700,119.76103,2130.1923,33.1426801,16.8556518,49.9999999,26.2741709,5721.4269,0.78281421,0.760641362,True,6.85731985,33.094708,15.6265712,50,25.5976395,-5.18496423,1.95330511,5574.10636,0.782798774,0.760962257,-0.000320895312,1.5435851e-05,False,True,"[2.1271975712715463, 0.7485166366635875, 0.6447602872301527, 0.5577990204059969, 33.14268014677458, 16.85565177641839, 49.99999990921759, 26.274170920528793]","[2.1379450074646686, 0.7409608209824284, 0.6337086852938774, 0.5457073437740405, 33.09470798966101, 15.626571193059098, 49.99999999983661, 25.59763946085591, -0.0904946974682912]"
744228101,951776732,HVA,VISal,evaluation,point,73.529,35.294,1700,119.76103,2130.1923,32.9594699,16.8550325,50,26.7004173,5814.24572,0.782815817,0.760652709,True,7.04053007,32.9144271,15.6415572,50,26.0392283,-5.18752903,1.92017979,5670.26614,0.782800519,0.760971355,-0.000318646144,1.52981031e-05,False,True,"[2.1280940911758734, 0.7477891973656571, 0.6440749917589018, 0.5569806613505491, 32.95946992834012, 16.855032498396362, 49.99999999963898, 26.7004172666303]","[2.138762663332395, 0.7403711344548867, 0.6331383908173145, 0.5449820577175662, 32.91442706782773, 15.641557153682108, 49.99999999983342, 26.039228316547536, -0.09053946157061632]"
744228101,951776736,HVA,VISal,evaluation,aperture,15,20,1400,180.75871,342.58549,12.0264048,-52.1173679,2.00002872,2.00023128,17.4229534,0.503363864,0.47294887,True,-12.1173679,12.0573238,-52.338515,2.00041342,2.00000049,89.2365965,1.00020647,17.424294,0.503361063,0.47293487,1.3999976e-05,2.80117836e-06,True,False,"[0.059105584159640824, 1.7779181664695622, 2.8786516141253014, 0.06359494451743852, 12.026404782379423, -52.117367906623564, 2.000028719073767, 2.0002312809981926]","[0.05911112535986235, 2.150984044591125, 3.5072876719511923, 0.08045506949655566, 12.057323791760746, -52.338514967406894, 2.000413424141652, 2.000000488776116, 1.5574724222881802]"
744228101,951776736,HVA,VISal,evaluation,point,15,20,1400,180.75871,342.58549,13.2815907,-49.4046272,2.73600837,7.1146818,84.7770369,0.503308659,0.473458451,False,-9.40462719,15.7882686,-45.3041701,5.67732243,2.21053051,-65.4896248,2.56830766,54.6569511,0.503260491,0.473717353,-0.000258901639,4.81689089e-05,False,False,"[0.05893616237690566, 1.0087965547405806, 1.490960784560198, 0.035640194331848896, 13.28159073443971, -49.404627190641314, 2.7360083732056717, 7.114681802827868]","[0.058855826383313936, 1.2512724467847192, 1.7410820339654516, 0.03681667000863351, 15.788268637655008, -45.304170100817196, 5.677322426553778, 2.210530507023143, -1.143009579282662]"
744228101,951776744,HVA,VISal,calibration,aperture,60,50,300,434.32942,79.721849,8.0274212,58.5887321,24.8024537,18.201912,1966.15154,1.28830288,1.31353018,False,-18.5887321,,,,,,,,,,,,False,False,"[0.4451343921030589, 1.730519150818367, 1.6795549589546044, 1.5102886957468025, 8.027421195272954, 58.58873213129055, 24.802453688148848, 18.201912025361803]",[]
744228101,951776744,HVA,VISal,calibration,point,60,50,300,434.32942,79.721849,8.02559175,58.4782893,25.2934227,18.8412488,2075.49942,1.28829955,1.31352583,False,-18.4782893,,,,,,,,,,,,False,False,"[0.44513896852305607, 1.7266730457385437, 1.6758014220348485, 1.5069226739501576, 8.025591754030556, 58.478289250119516, 25.293422661356594, 18.841248822708568]",[]
744228101,951776770,HVA,VISal,calibration,aperture,60,47.5,400,368.34033,46.312553,13.3990273,44.4846452,17.0925236,16.8715683,1255.93445,1.21628417,1.28333762,False,-4.48464525,,,,,,,,,,,,False,False,"[0.20082337420539148, 0.6213993065637918, 0.8089052820679689, 0.9612158962893932, 13.399027338872575, 44.484645247366835, 17.092523636232013, 16.871568331129186]",[]
744228101,951776770,HVA,VISal,calibration,point,60,47.5,400,368.34033,46.312553,13.3939188,44.4602375,17.828492,17.6059129,1367.03139,1.21629005,1.28332061,False,-4.4602375,,,,,,,,,,,,False,False,"[0.20076918479842784, 0.6216450308339964, 0.809222398173405, 0.9614272140657141, 13.39391875993622, 44.46023750189607, 17.82849196506901, 17.6059128710389]",[]
744228101,951776786,HVA,VISal,evaluation,aperture,70,46.25,800,433.95153,71.446477,20.3571459,46.2569118,25.6632766,24.5812,2747.39127,2.88291743,2.97766259,False,-6.2569118,1.04600467,47.2274286,48.3447197,13.8544284,-37.0836782,3.48947775,2917.04407,2.86332563,2.96916769,0.00849490384,0.0195918023,False,False,"[0.7632075386803446, 1.63788048810883, 1.837817895492248, 1.9769975432814122, 20.357145867221384, 46.256911804246805, 25.66327659852497, 24.581199980188277]","[0.7867387266790007, 1.6714661520430558, 1.7766193644296637, 2.032661167581182, 1.0460046676954446, 47.227428631290195, 48.34471973954806, 13.854428433040395, -0.6472322839403377]"
744228101,951776786,HVA,VISal,evaluation,point,70,46.25,800,433.95153,71.446477,20.3557153,46.2545044,26.1541363,25.0913075,2858.04463,2.88292157,2.9776629,False,-6.25450439,1.01161409,47.2551248,48.6110518,14.754398,-37.1075054,3.29468215,3123.64623,2.86333381,2.96919861,0.00846428808,0.0195877607,False,False,"[0.7631401632631056, 1.638065558123829, 1.8380303033971677, 1.9771036070772994, 20.35571532541359, 46.25450438882889, 26.154136341979296, 25.09130754891109]","[0.7864732601465281, 1.673495328190578, 1.7790305979484864, 2.034833652951734, 1.0116140858870892, 47.25512484748866, 48.61105176009445, 14.754398005470968, -0.6476481464177573]"
744228101,951776798,HVA,VISal,evaluation,aperture,60,46.25,800,608.57901,86.878764,25.5725609,59.9999996,36.7042953,49.9999997,7992.67624,1.77865049,1.95539846,True,-19.9999996,8.15085927,40.3153653,50,17.857338,-46.7888298,2.79996941,3888.58908,1.7677225,1.94354436,0.0118541074,0.0109279895,False,True,"[1.1362166710530945, 1.621870318740837, 1.904750716213704, 1.5760166056768312, 25.572560919006257, 59.99999959233635, 36.70429531842208, 49.99999966703276]","[1.3313879667731936, 1.3533971079804075, 1.673628672813876, 1.3042997360181714, 8.150859265834917, 40.31536532077687, 49.9999999999002, 17.857337965490796, -0.816619132460858]"
744228101,951776798,HVA,VISal,evaluation,point,60,46.25,800,608.57901,86.878764,25.4705686,59.9999996,36.8479023,50,8023.94796,1.77863549,1.95541039,True,-19.9999996,8.29168557,40.1384017,50,18.5572144,-46.7627845,2.6943699,4040.9932,1.7677538,1.94358324,0.0118271515,0.0108816851,False,True,"[1.1404477710652563, 1.620762324517201, 1.906038179014945, 1.5757957844809607, 25.470568620682116, 59.99999957657216, 36.847902327362235, 49.99999999186719]","[1.3314126539868836, 1.3526326518209817, 1.6731404956635099, 1.3040198342831935, 8.291685565722025, 40.1384016993103, 49.99999999874467, 18.557214405081307, -0.8161645569495657]"
744228101,951776802,HVA,VISal,calibration,aperture,86,42,500,68.415233,235.63483,35.7185276,28.9092269,15.4813585,14.156072,954.458743,1.08700522,1.34591987,False,4.28147238,,,,,,,,,,,,False,False,"[0.15347694882230378, 1.0539995416926151, 1.0390223011322812, 1.417770763484393, 35.718527620421746, 28.90922692491438, 15.48135848404716, 14.156072039351121]",[]
744228101,951776802,HVA,VISal,calibration,point,86,42,500,68.415233,235.63483,35.6691023,28.909527,16.2557404,15.0517257,1065.61023,1.08701867,1.34599042,False,4.33089769,,,,,,,,,,,,False,False,"[0.15341314474978318, 1.0552977903350103, 1.0400153120294329, 1.4190423262402918, 35.66910230998184, 28.909527010642304, 16.255740365452297, 15.051725711824979]",[]
744228101,951776825,HVA,VISal,evaluation,aperture,70,47.5,400,101.16158,1352.5568,10.0194943,-1.5949408,14.7553431,2,128.524119,1.07206224,1.0721105,True,29.9805057,15.895752,60,41.82565,2,-79.8460443,20.912825,364.315815,1.06455492,1.07412246,-0.00201195978,0.00750731858,True,False,"[0.41187375114967073, 0.17010519620845896, 0.3927219247221043, 0.2682263038277015, 10.019494324799135, -1.5949408005087042, 14.755343055770162, 2.0000000000642566]","[0.40072412439684124, 0.19463747158954928, 0.558193834731517, 0.6029855197891743, 15.895752002492962, 59.99999999973731, 41.82564998612313, 2.0000000000000004, -1.393576367852571]"
744228101,951776825,HVA,VISal,evaluation,point,70,47.5,400,101.16158,1352.5568,7.85946751,-3.97966705,15.2712191,3.13889346,208.764001,1.07191017,1.07207151,False,32.1405325,17.9478689,59.4882142,44.887342,6.32345562,-82.2095406,7.09854622,1236.18564,1.06490551,1.07421022,-0.00213871289,0.00700466494,False,False,"[0.41381488070243444, 0.43026684180963365, 0.91671051452457, 0.647441192036502, 7.859467508595859, -3.979667048843364, 15.271219077207013, 3.138893459047095]","[0.39897544727331524, 0.16470724738213657, 0.5328039798355977, 0.6069146224361092, 17.94786890286165, 59.488214190370954, 44.88734195269483, 6.323455618713735, -1.4348271607299052]"
744228101,951776833,HVA,VISal,calibration,aperture,80,40,900,-14.178878,-14.271921,28.1479977,27.3410205,12.0310148,10.8806345,570.114136,0.727113948,0.653673478,False,11.8520023,,,,,,,,,,,,False,False,"[0.06722946444697157, 2.6584654446541993, 2.753398665112057, 2.8159296564462424, 28.14799768396705, 27.341020475360104, 12.031014754444985, 10.880634474726707]",[]
744228101,951776833,HVA,VISal,calibration,point,80,40,900,-14.178878,-14.271921,28.1468287,27.3430049,13.0688319,12.0404733,685.307773,0.726882779,0.653723937,False,11.8531713,,,,,,,,,,,,False,False,"[0.06685398222914186, 2.670691511032372, 2.765900932142772, 2.8276655713123477, 28.146828693861313, 27.343004940020723, 13.068831861736465, 12.040473276573374]",[]
744228101,951776841,HVA,VISal,evaluation,aperture,16.25,38.75,800,145.63398,547.38434,-22.3277024,-23.3844835,2,2,17.4206888,1.97019525,2.28562634,True,16.6155165,-22.3263229,-23.377625,2,2,-73.0863608,1,17.4206887,1.97019418,2.2856233,3.04018631e-06,1.06880036e-06,True,False,"[1.0738309516992264, 0.2358361125346979, 0.9006289577353772, 0.41444256669857266, -22.327702398640383, -23.38448345593289, 2.0000000000000004, 2.0000000046835384]","[1.07382782768238, 0.23608917424208548, 0.9009492950120679, 0.414549508664197, -22.32632292016472, -23.377625005136903, 2.000000000000013, 2.000000000000002, -1.2755976351133467]"
744228101,951776841,HVA,VISal,evaluation,point,16.25,38.75,800,145.63398,547.38434,-24.1717966,-25.7762627,2.82014191,5.27264237,64.7596671,1.97042634,2.28903615,False,14.2237373,-23.9731895,-24.7162101,3.1402715,2.56142631,-41.9364805,1.22598549,35.0311499,1.96912015,2.28689393,0.00214221631,0.00130618875,False,False,"[1.0743455615353437, 1.2712666816182354, 4.210314262185866, 2.7358397620855595, -24.171796610205345, -25.776262732401737, 2.8201419139207937, 5.272642366061583]","[1.0746114893643943, 3.662637717814172, 10.51147295877995, 8.062716899077971, -23.97318945718544, -24.716210142154328, 3.1402714997141166, 2.5614263116256994, -0.7319296618158027]"
744228101,951776856,HVA,VISal,calibration,aperture,40,47.5,400,360.06514,53.45595,-13.6158246,39.0543136,21.2751829,11.7233644,1086.25277,1.08661637,1.07659465,False,0.945686359,,,,,,,,,,,,False,False,"[0.12886014464914752, 0.388082260631418, 0.43241994741789475, 0.29954006535470573, -13.615824636769267, 39.0543136412413, 21.275182911334426, 11.723364391367681]",[]
744228101,951776856,HVA,VISal,calibration,point,40,47.5,400,360.06514,53.45595,-13.605934,38.9379258,21.8505252,12.6990227,1208.47455,1.08662474,1.07652421,False,1.06207419,,,,,,,,,,,,False,False,"[0.12888325642613233, 0.38866524135453806, 0.43273372706534086, 0.29980883959653276, -13.605933958950038, 38.937925814842075, 21.85052520217827, 12.699022651338]",[]
744228101,951776861,HVA,VISal,evaluation,aperture,60,50,300,176.73398,30.215646,11.6046722,60,19.9796405,25.5408322,2222.42976,1.1616002,1.31780534,True,-20,2.44147356,60,29.5100454,17.5242865,-57.2333163,1.68395132,2252.24459,1.15690285,1.31828514,-0.000479800567,0.00469735268,False,False,"[0.1857099654508615, 1.7247157573767444, 2.3000070361953107, 2.11082315870669, 11.604672179188501, 59.99999999901248, 19.97964052166751, 25.54083219417572]","[0.1852736690888619, 1.688361873114349, 2.231323531446684, 2.056863725468492, 2.4414735620734502, 59.99999999998283, 29.510045386653335, 17.52428651474963, -0.9989098118508761]"
744228101,951776861,HVA,VISal,evaluation,point,60,50,300,176.73398,30.215646,11.6044139,60,20.5950573,26.025094,2334.32134,1.16159123,1.31781572,True,-20,2.40738748,60,29.9450002,18.2094416,-57.1946445,1.64447657,2374.79583,1.15687666,1.31830899,-0.000493263197,0.00471457087,False,False,"[0.18573012024231003, 1.726448809644573, 2.302201216987167, 2.112796398068829, 11.604413923250448, 59.999999999962775, 20.595057267130425, 26.025093966573937]","[0.1853081348657098, 1.690542493208922, 2.2340490689002026, 2.0592608071896477, 2.4073874780919517, 59.9999999999886, 29.94500015557996, 18.209441649742818, -0.9982348616987631]"
744228101,951776865,HVA,VISal,evaluation,aperture,63.636,40,1100,102.47008,60.013899,5.650603,30.7321308,30.082689,28.9270692,3789.88836,1.04324128,1.06568611,False,9.26786915,14.1869962,36.6565912,39.0848636,20.9366315,43.1826416,1.86681719,3563.86086,1.04098336,1.06313855,0.00254755595,0.00225791872,False,False,"[0.21866114135463263, 0.22216158587174178, 0.19748356539017012, 0.3014469561454725, 5.650602999193243, 30.73213084542508, 30.082688965928956, 28.927069157607896]","[0.22648926934975283, 0.23108082493101764, 0.2165119943594234, 0.3299034784035124, 14.186996192032492, 36.656591161881316, 39.084863630141626, 20.936631506066977, 0.7536792750970132]"
744228101,951776865,HVA,VISal,evaluation,point,63.636,40,1100,102.47008,60.013899,5.65096479,30.72896,30.5029039,29.3579651,3900.07058,1.04324141,1.06568495,False,9.27103997,14.1781386,36.6312024,39.3851994,21.5173093,43.1267711,1.83039612,3690.84953,1.04098254,1.06313539,0.0025495636,0.00225887094,False,False,"[0.21865755318712607, 0.22217158647889948, 0.19749014779727928, 0.30145406777517897, 5.650964794692804, 30.72896003330953, 30.502903932306275, 29.35796509487646]","[0.22655600715235508, 0.2310360312925766, 0.21646188105297892, 0.3299176184966851, 14.178138596067763, 36.63120244385118, 39.38519936167762, 21.51730929270569, 0.7527041507480527]"
744228101,951776879,HVA,VISal,evaluation,aperture,84.444,33.333,900,112.428,637.04183,60,17.0955052,23.2253641,19.9047269,2013.37228,1.67864883,1.73197204,True,-20,60,-8.40631476,49.9999994,11.4863295,-49.3342547,4.35300062,2501.2471,1.67360703,1.720644,0.011328033,0.0050418027,False,True,"[0.3568573143756091, 1.227158746852983, 0.9660027707034481, 0.660116792424176, 59.99999999999999, 17.09550517739953, 23.22536411855663, 19.904726924191067]","[0.3502632320954769, 0.9643954958695135, 0.8038890721570608, 0.5738495561699317, 59.99999999999999, -8.406314755747395, 49.999999378250145, 11.486329489923119, -0.8610451785768136]"
744228101,951776879,HVA,VISal,evaluation,point,84.444,33.333,900,112.428,637.04183,60,17.0870121,23.7575811,20.5309225,2124.3008,1.67864425,1.73199559,True,-20,60,-8.19841798,50,12.6308333,-49.1561276,3.958567,2750.47269,1.67363548,1.72073759,0.0112580008,0.00500877569,False,True,"[0.35685034415900224, 1.228283524093589, 0.966804064929788, 0.6606841384992052, 59.99999999999999, 17.087012120715904, 23.757581127957202, 20.53092247166143]","[0.3499459012581621, 0.9659085344832778, 0.80535655488101, 0.5747116478769125, 59.99999999999999, -8.198417981283159, 49.999999955066855, 12.630833316900002, -0.8579362738269006]"
744228101,951776883,HVA,VISal,calibration,aperture,86.667,46.667,300,120.24024,131.7706,34.1029207,60,8.89249242,25.2354079,977.325345,1.36302316,1.37793863,True,-20,,,,,,,,,,,,False,False,"[0.3797390562911751, 3.6195463914027317, 3.2426984568909396, 2.5796887127114, 34.10292070374209, 59.999999998868645, 8.892492419524816, 25.235407877231943]",[]
744228101,951776883,HVA,VISal,calibration,point,86.667,46.667,300,120.24024,131.7706,34.1372334,60,10.3223981,25.7446457,1157.37169,1.36310328,1.37788377,True,-20,,,,,,,,,,,,False,False,"[0.3794070035265341, 3.6275051982042488, 3.2490752213425313, 2.5870274125584176, 34.13723338416166, 59.99999999753, 10.322398141118112, 25.74464571856031]",[]
744228101,951776891,HVA,VISal,calibration,aperture,56,48,500,32.796143,4.6117077,10.9040879,50.7613612,20.8216185,19.9016706,1804.71799,1.16156167,1.30664122,False,-10.7613612,,,,,,,,,,,,False,False,"[0.1726278349558012, 2.0300821772229853, 2.4332451095420273, 2.3871099000619016, 10.904087892474829, 50.761361239431956, 20.821618485261922, 19.901670601526032]",[]
744228101,951776891,HVA,VISal,calibration,point,56,48,500,32.796143,4.6117077,10.9033625,50.6950438,21.4233821,20.5003223,1912.73168,1.16155851,1.30665929,False,-10.6950438,,,,,,,,,,,,False,False,"[0.17259067239445286, 2.0282063720547026, 2.4311182891838854, 2.384953540900975, 10.903362538325165, 50.695043784913565, 21.423382050635357, 20.500322306334052]",[]
744228101,951776897,HVA,VISal,calibration,aperture,80,50,300,-105.44099,-35.073567,35.6164713,59.9999982,25.4005169,17.9185156,1982.21114,1.00841932,0.985777314,True,-19.9999982,,,,,,,,,,,,False,False,"[0.18714121946967716, 4.384144808630891, 5.2940975854722545, 5.472608124721686, 35.61647126934327, 59.9999982483649, 25.40051686773045, 17.918515576856723]",[]
744228101,951776897,HVA,VISal,calibration,point,80,50,300,-105.44099,-35.073567,35.6089502,59.9999991,25.8865708,18.6063553,2097.68929,1.00840905,0.985792076,True,-19.9999991,,,,,,,,,,,,False,False,"[0.18705701803409464, 4.391372974973593, 5.302604807425234, 5.481189812695384, 35.608950225030874, 59.99999909781099, 25.886570795421928, 18.60635526311009]",[]
744228101,951776913,HVA,VISal,calibration,aperture,86,8,500,100.828,828.30435,57.954275,-3.62403307,23.9922349,16.4068439,1714.35628,1.21445639,1.24777435,False,-17.954275,,,,,,,,,,,,False,False,"[2.177326454786984, 1.7642045955330283, 2.7974565960583444, 3.3070734238174593, 57.95427496770069, -3.624033068030526, 23.9922349359983, 16.406843918675637]",[]
744228101,951776913,HVA,VISal,calibration,point,86,8,500,100.828,828.30435,58.0480917,-3.6227803,24.561272,17.1823919,1837.97587,1.21446678,1.2477918,False,-18.0480917,,,,,,,,,,,,False,False,"[2.177050605895511, 1.7680773602215267, 2.8028286272450615, 3.314341487382708, 58.04809171970985, -3.6227802980950843, 24.56127198771557, 17.18239192016239]",[]
744228101,951776918,HVA,VISal,evaluation,aperture,80,50,300,302.6306,260.87248,27.9506248,60,8.78301239,16.3048148,623.684131,1.5178226,1.59936971,True,-20,20.4532313,60,18.9805626,7.80118988,-65.3306518,2.4330343,644.87458,1.51625496,1.58890768,0.0104620354,0.00156764069,False,False,"[0.3828969658608602, 3.726108961800171, 2.9026652234845383, 2.4375573204865835, 27.95062483998936, 59.99999999999999, 8.783012388407252, 16.304814773680533]","[0.3813614627269006, 3.3465818604332784, 2.6009057781604277, 2.2613514290094683, 20.453231276672344, 59.99999999999995, 18.980562551800542, 7.801189882918277, -1.140234976317899]"
744228101,951776918,HVA,VISal,evaluation,point,80,50,300,302.6306,260.87248,27.966271,60,10.1428563,17.0084376,751.328773,1.51785964,1.59975699,True,-20,20.3754414,60,19.6078054,9.27607634,-65.1314884,2.11380379,792.133956,1.51628466,1.58941369,0.0103433015,0.0015749796,False,False,"[0.3829770115594517, 3.7881710006639095, 2.949904852039075, 2.479042713189602, 27.96627102056337, 59.99999999999999, 10.142856258229523, 17.00843759438535]","[0.38139900043229613, 3.411403310728359, 2.6495143218630526, 2.306295764760763, 20.375441435003957, 59.99999999999997, 19.607805351624403, 9.276076342101705, -1.1367589195040815]"
744228101,951776931,HVA,VISal,evaluation,aperture,62.5,47.5,800,470.42605,65.333087,5.30950795,60,24.1624419,25.1028015,2641.60784,2.43481665,3.30582018,True,-20,19.3195469,59.9999924,31.0566524,18.4872361,39.2988295,1.679897,2500.52936,2.43407881,3.30338657,0.00243360882,0.000737846849,False,False,"[0.35089754068309337, 1.1082075086547387, 1.534532154893718, 0.7868084239620842, 5.309507953383842, 59.99999999920395, 24.16244194796714, 25.102801537011324]","[0.3541219058918482, 1.1768889223191856, 1.5974811538252918, 0.8300993231240427, 19.319546890214387, 59.999992386813524, 31.05665244483993, 18.487236088886974, 0.6858939663093673]"
744228101,951776931,HVA,VISal,evaluation,point,62.5,47.5,800,470.42605,65.333087,5.31058769,59.9999999,24.6770437,25.6031619,2751.64284,2.43481888,3.30582106,True,-19.9999999,19.3280329,59.9999875,31.4633818,19.1591911,39.3071104,1.64220826,2625.35416,2.4340854,3.30338613,0.00243493609,0.000733486288,False,False,"[0.35087431199197655, 1.108589314928769, 1.5349696369744448, 0.7870202874217621, 5.310587692724949, 59.99999990000738, 24.677043686479585, 25.6031619206926]","[0.3540923980733942, 1.1774816647528512, 1.5981924949795518, 0.830444320665173, 19.328032933683108, 59.99998746644374, 31.4633818096284, 19.15919107485888, 0.6860384956113421]"
744228101,951776937,HVA,VISal,calibration,aperture,86.667,15,600,61.719653,473.81572,60,14.0967975,37.4219347,30.65084,4995.4423,1.13836371,1.13489812,True,-20,,,,,,,,,,,,False,False,"[0.831274650483396, 1.2029942752376912, 1.5288693710287575, 1.9667326151843114, 59.99999999999692, 14.096797473468936, 37.421934701239714, 30.650840011040838]",[]
744228101,951776937,HVA,VISal,calibration,point,86.667,15,600,61.719653,473.81572,60,14.0966771,37.7571138,31.0609201,5107.61831,1.13836393,1.13489961,True,-20,,,,,,,,,,,,False,False,"[0.8312530605545928, 1.2030573904683666, 1.528952182717388, 1.966815973952866, 59.999999999996454, 14.09667714625341, 37.757113812294634, 31.060920129480238]",[]
744228101,951776945,HVA,VISal,calibration,aperture,15,45,400,516.96624,178.68684,-31.8336987,34.4177321,13.5219093,13.0202307,766.764551,1.16120164,1.19023521,False,5.58226786,,,,,,,,,,,,False,False,"[0.3685040636181311, 0.8091489007224854, 0.7428057778404308, 0.8347656594378924, -31.83369870169259, 34.417732141258945, 13.521909292995584, 13.020230675314274]",[]
744228101,951776945,HVA,VISal,calibration,point,15,45,400,516.96624,178.68684,-31.838533,34.405906,14.4773402,13.999174,882.666251,1.16117799,1.19021151,False,5.59409399,,,,,,,,,,,,False,False,"[0.3683514520055294, 0.8103360657457652, 0.7434342798514584, 0.8351644259128422, -31.838533009915338, 34.40590600670205, 14.477340233474175, 13.999173984262816]",[]
744228101,951776953,HVA,VISal,evaluation,aperture,10,40,300,3588.6483,502.89722,-43.1989858,59.9998452,4.04884861,40.8567471,720.444706,0.864817273,0.888271936,False,-19.9998452,-57.5033423,59.9999047,49.9999999,2,-62.4476862,24.9999999,435.517217,0.858543863,0.878359137,0.00991279863,0.00627341035,True,True,"[0.14775489962625127, 0.6238617229463457, 0.25639222157482205, 0.3733701827381529, -43.19898584484274, 59.99984523916703, 4.048848613181736, 40.85674706541008]","[0.14008475840079668, 0.5911288293349243, 0.3002789377195921, 0.29469872830476024, -57.503342324000954, 59.999904686868796, 49.999999858596034, 2.0000000000000004, -1.089917735167766]"
744228101,951776953,HVA,VISal,evaluation,point,10,40,300,3588.6483,502.89722,-37.7732451,59.9998525,3.79774759,41.1550237,680.697699,0.864818088,0.888277205,False,-19.9998525,-47.3871131,45.4482295,50,4.63491726,-65.0993502,10.7876791,1009.29313,0.856873088,0.882375339,0.00590186619,0.00794500016,False,True,"[0.14775940954079372, 0.6844980004931437, 0.28116520116153093, 0.40924413720768826, -37.773245058257764, 59.99985251232889, 3.7977475884330527, 41.15502374357632]","[0.14085053785097104, 0.5637795305428446, 0.2541204996646384, 0.26102643485533167, -47.38711305769349, 45.448229502706766, 49.99999999999999, 4.634917257335514, -1.1361980016406479]"
744228101,951776957,HVA,VISal,calibration,aperture,51.765,35.882,1700,67.728015,79.607735,0.441758908,26.0811034,37.3903395,35.5592473,5790.51643,1.98316138,1.89403297,False,13.9188966,,,,,,,,,,,,False,False,"[1.3670800477964462, 1.2997350576807944, 1.5408378340230364, 1.4606879009683018, 0.4417589082114547, 26.081103381970802, 37.39033952918858, 35.55924733882892]",[]
744228101,951776957,HVA,VISal,calibration,point,51.765,35.882,1700,67.728015,79.607735,0.44190963,26.0838468,37.7314175,35.9229214,5903.09942,1.98316124,1.8940338,False,13.9161532,,,,,,,,,,,,False,False,"[1.3668013149666582, 1.2999939644158405, 1.5410795864149485, 1.460927190430556, 0.44190963015266094, 26.083846767987207, 37.731417469166026, 35.92292136672135]",[]
744228101,951776961,HVA,VISal,calibration,aperture,78.333,46.667,600,-84.099831,-29.976469,34.0894369,59.9999999,26.5726598,21.4032449,2476.96562,0.880780288,0.855202036,True,-19.9999999,,,,,,,,,,,,False,False,"[0.1328034246239436, 5.589237960278617, 7.136073892046805, 8.691786666049621, 34.08943687683491, 59.9999998775926, 26.57265980705504, 21.403244926217337]",[]
744228101,951776961,HVA,VISal,calibration,point,78.333,46.667,600,-84.099831,-29.976469,34.0950914,60,27.0472729,21.9848349,2589.71529,0.880836725,0.855269052,True,-20,,,,,,,,,,,,False,False,"[0.13268399086710264, 5.592802855155737, 7.140212771270889, 8.696408570000084, 34.09509139496577, 59.999999959044246, 27.04727294722464, 21.984834859389945]",[]
744228101,951776969,HVA,VISal,calibration,aperture,77.143,45.714,700,-4.4586203,6.8999653,23.9995816,60,18.081866,26.4548499,2083.3099,1.25685352,1.27182501,True,-20,,,,,,,,,,,,False,False,"[0.4768517028003536, 6.704509667841757, 8.073845369354986, 6.907435917195268, 23.999581621901587, 59.99999999457822, 18.08186600347829, 26.454849857942023]",[]
744228101,951776969,HVA,VISal,calibration,point,77.143,45.714,700,-4.4586203,6.8999653,24.0050702,60,18.7785911,26.9333393,2202.71616,1.25695318,1.2718922,True,-20,,,,,,,,,,,,False,False,"[0.4766143220557314, 6.705456087953041, 8.074842753330106, 6.908500467127055, 24.0050701804498, 59.999999999660176, 18.778591107287852, 26.933339317116705]",[]
744228101,951776975,HVA,VISal,evaluation,aperture,68.75,41.25,800,87.329728,34.809335,13.7596544,27.8300253,14.1000449,8.65995707,531.79171,1.17359166,1.1951874,False,12.1699747,13.8356652,28.1493917,14.2213851,7.90044249,15.5092198,1.8000745,489.326394,1.17240321,1.20094999,-0.00576259531,0.00118844924,False,False,"[0.3253760360932503, 1.3282425552841814, 1.5625726650950411, 1.72193474086941, 13.759654395372227, 27.830025328079213, 14.10004486132502, 8.659957065334934]","[0.3290733049849432, 1.322520839170276, 1.6607103613943717, 1.790840464557437, 13.835665163101291, 28.149391730393326, 14.221385088822219, 7.900442490583697, 0.27068694918606173]"
744228101,951776975,HVA,VISal,evaluation,point,68.75,41.25,800,87.329728,34.809335,13.7581724,27.8251163,15.021779,10.1434848,663.611466,1.17340917,1.19483082,False,12.1748837,13.8395731,28.1667792,15.1529127,9.53416731,15.8054284,1.58932733,629.193488,1.1722007,1.20027872,-0.00544789573,0.00120846653,False,False,"[0.3246485130674559, 1.3316357613498118, 1.5672782673179244, 1.7299335916864522, 13.75817236599001, 27.825116301310747, 15.02177902130942, 10.143484795227339]","[0.32809762296489703, 1.3268747955553524, 1.6655215056267514, 1.7988289583867612, 13.839573095548062, 28.16677918895616, 15.152912694843538, 9.534167306388428, 0.27585676521595004]"
744228101,951776982,HVA,VISal,calibration,aperture,71.429,47.143,700,208.21422,34.835064,19.6308535,52.5979143,22.0181924,22.2209668,2130.8356,1.65519911,1.69291815,False,-12.5979143,,,,,,,,,,,,False,False,"[0.691870879385583, 5.848051156349718, 6.459013942404848, 4.148484223639205, 19.630853507990167, 52.597914334033895, 22.018192440322725, 22.220966797218523]",[]
744228101,951776982,HVA,VISal,calibration,point,71.429,47.143,700,208.21422,34.835064,19.6329456,52.5000647,22.5874946,22.7401375,2237.00254,1.6552069,1.69296719,False,-12.5000647,,,,,,,,,,,,False,False,"[0.6918836602860085, 5.838356669518219, 6.448586152779019, 4.1418584626776385, 19.632945642719076, 52.50006469497973, 22.587494557964458, 22.740137524817083]",[]
744228101,951776986,HVA,VISal,calibration,aperture,60,45,600,14.565321,19.107903,7.68265172,31.0082285,13.2816745,9.60530621,555.609132,0.871910403,0.951893628,False,8.99177154,,,,,,,,,,,,False,False,"[0.13243797506736668, 2.302393204718608, 1.8868503734576876, 1.7706829593149611, 7.682651718176654, 31.008228463220888, 13.281674470557256, 9.605306213104079]",[]
744228101,951776986,HVA,VISal,calibration,point,60,45,600,14.565321,19.107903,7.69221674,31.0285002,14.2281039,10.8993914,675.389966,0.872028328,0.951964542,False,8.97149984,,,,,,,,,,,,False,False,"[0.13216812436998512, 2.315844745856101, 1.897417028760996, 1.7801999624827178, 7.692216736373956, 31.028500163943814, 14.22810389576917, 10.899391361257557]",[]
744228101,951777001,HVA,VISal,evaluation,aperture,76,8,500,9.0324101,24.664497,27.1659528,-0.123968118,20.3415845,3.99757702,354.149758,0.486066022,0.537714211,False,12.8340472,27.1292444,0.00103996947,20.0738878,3.83050667,2.5443781,5.2405307,334.882956,0.486046585,0.538572246,-0.000858034341,1.9436806e-05,False,False,"[0.04169591040153987, 0.435006863965898, 0.36158765643381113, 0.39104072988517985, 27.165952800154667, -0.12396811815869713, 20.341584534885143, 3.9975770222589175]","[0.0420038273921164, 0.43713457912119014, 0.3633214640803806, 0.39891213021029365, 27.129244370432104, 0.0010399694691013844, 20.073887804512793, 3.830506669206298, 0.04440777531155393]"
744228101,951777001,HVA,VISal,evaluation,point,76,8,500,9.0324101,24.664497,27.0256836,-0.256021731,20.9881428,7.10278666,649.244246,0.485058879,0.538161272,False,12.9743164,26.9888317,-0.127508906,20.8275265,7.02434489,2.93954079,2.96504896,637.160511,0.485133016,0.539082748,-0.000921475614,-7.41375784e-05,False,False,"[0.04055521798866502, 0.4365238822962097, 0.3639282276938919, 0.3899842616329538, 27.02568361727422, -0.2560217310144732, 20.988142753842798, 7.102786662050418]","[0.04079788329337757, 0.43856795060918863, 0.36538480700919296, 0.3974592086508756, 26.988831745648472, -0.1275089062412919, 20.827526499899182, 7.0243448857385555, 0.05130466521775201]"
744228101,951777006,HVA,VISal,evaluation,aperture,65,50,200,267.56701,42.573747,6.67102423,35.511616,16.1409195,4.37174775,307.318493,0.312308164,0.325379871,False,4.48838397,8.01583471,43.8681615,17.9631036,5.78167228,-47.5901545,3.10690449,452.314151,0.313540952,0.326958775,-0.00157890404,-0.00123278782,False,False,"[0.02640978603128879, 0.004016861117556935, 0.21588850128185394, 0.12286228193466786, 6.67102423422723, 35.511616025965424, 16.140919470984016, 4.371747746165758]","[0.027388845322340802, 0.015381255048104373, 0.25590481738789067, 0.17719095367905432, 8.015834711922754, 43.86816152276213, 17.963103591597786, 5.781672278967194, -0.830604887797914]"
744228101,951777006,HVA,VISal,evaluation,point,65,50,200,267.56701,42.573747,6.80378638,35.4440587,16.7354381,6.4155068,467.598796,0.312340208,0.325379258,False,4.55594129,7.21503686,44.9825373,18.965129,6.03368158,-48.6504305,3.14321012,498.360391,0.314016184,0.326960963,-0.00158170463,-0.0016759755,False,False,"[0.02648465253621181, 0.0041403012845262314, 0.2401833593819387, 0.13717357071152853, 6.803786378255993, 35.44405871479078, 16.73543808161736, 6.4155067992353025]","[0.028489530736757283, 0.020140526524042173, 0.32543123830297316, 0.19518549240800623, 7.215036858445324, 44.98253727065289, 18.965128990895327, 6.033681582594422, -0.8491101951809935]"
744228101,951777011,HVA,VISal,calibration,aperture,65,46.667,600,-14.531355,5.0580749,16.0964712,60,17.0809558,23.690497,1762.348,0.713935374,0.770125263,True,-20,,,,,,,,,,,,False,False,"[0.05569565798168919, 1.3966980726542821, 1.876405240549758, 2.171416715333653, 16.09647122470741, 59.99999999936881, 17.080955773273146, 23.690496995816517]",[]
744228101,951777011,HVA,VISal,calibration,point,65,46.667,600,-14.531355,5.0580749,16.098649,59.9999266,17.8170043,24.2207955,1879.43979,0.713954328,0.770083881,True,-19.9999266,,,,,,,,,,,,False,False,"[0.05562957616366455, 1.3975763798420673, 1.8773696907341442, 2.172368691393311, 16.098648988863335, 59.999926604811634, 17.81700431495064, 24.2207955263896]",[]
744228101,951777015,HVA,VISal,evaluation,aperture,65,45,400,-6.2104025,1.4938548,16.0062066,36.4748312,9.78146264,9.65401355,411.260533,1.19078856,1.21376587,False,3.52516885,16.8442716,37.0691597,12.2589329,8.58147684,50.0763901,1.42853417,458.16302,1.17936281,1.20908037,0.00468550123,0.0114257473,False,False,"[0.17082975960624538, 2.597109027097499, 3.5617916820248285, 3.8497964781575504, 16.006206591950058, 36.47483115160163, 9.781462638528728, 9.654013548442656]","[0.16512579100827787, 2.5308826743240322, 3.520710250964904, 3.774851175365189, 16.84427161013498, 37.06915974938782, 12.258932911435494, 8.581476837692104, 0.8739978855568684]"
744228101,951777015,HVA,VISal,evaluation,point,65,45,400,-6.2104025,1.4938548,15.9823491,36.3876228,11.0322829,10.8818569,522.845926,1.19049698,1.21339906,False,3.61237723,16.8075811,37.1080078,13.3010759,10.0383378,50.6059443,1.32502773,581.505609,1.17922625,1.20870125,0.00469780794,0.0112707216,False,False,"[0.1704659660815484, 2.623211618196707, 3.5995293566770203, 3.8925355567323234, 15.98234913748241, 36.38762276602001, 11.032282887256462, 10.881856866622737]","[0.16443875671646377, 2.549362837981009, 3.5478522649076814, 3.8050511638891145, 16.80758111789665, 37.10800784790119, 13.301075939781168, 10.03833779314819, 0.8832403494843968]"
744228101,951777023,HVA,VISal,evaluation,aperture,80,50,300,-55.018096,-12.542536,23.7149057,58.2327086,9.8041359,14.8405093,633.670454,1.21106625,1.08929761,False,-18.2327086,32.1011041,59.9999996,17.4001073,8.51032254,59.6557609,2.04458846,644.916184,1.20682671,1.08167014,0.007627469,0.00423953357,False,False,"[0.1414917756754994, 6.584677698723337, 11.202779523103281, 14.258747672977037, 23.714905717419192, 58.232708571555975, 9.804135901742276, 14.840509323569231]","[0.13887884497788913, 6.8999162658906315, 12.156522069121934, 15.368429439036008, 32.10110406918141, 59.99999963947889, 17.400107290989663, 8.510322538916432, 1.0411894447825216]"
744228101,951777023,HVA,VISal,evaluation,point,80,50,300,-55.018096,-12.542536,23.7354258,57.729576,11.0549185,15.518981,747.178004,1.21114659,1.08952385,False,-17.729576,32.0958339,59.9999999,18.1058678,9.95955242,59.6818846,1.81793991,785.352257,1.20677272,1.08178556,0.00773829242,0.00437387049,False,False,"[0.14119313807558664, 6.476716121299379, 11.018027580830493, 14.018992600458677, 23.735425839978266, 57.729575997690056, 11.05491852914341, 15.518981045253662]","[0.13832042213678067, 6.96580732154542, 12.248506316013676, 15.486892338418834, 32.095833922133636, 59.999999933166954, 18.105867801025408, 9.959552424300377, 1.0416453902416722]"
744228101,951777027,HVA,VISal,evaluation,aperture,70,47.5,400,4.9813421,-0.187026,18.9801159,55.7980855,15.1256404,18.7192985,1233.12945,1.47289158,1.62441189,False,-15.7980855,16.363058,56.4961652,19.4862047,14.7707528,-72.3949609,1.31924249,1253.53141,1.47174677,1.62383197,0.000579917861,0.00114481164,False,False,"[0.3236873450212957, 4.818305513368605, 6.026318521648592, 4.824157005802005, 18.980115924030393, 55.798085498130725, 15.125640389113814, 18.719298513573058]","[0.32356873675425857, 4.888342352528201, 6.126114117279394, 4.907345250930721, 16.363058046580676, 56.496165220074516, 19.486204732721312, 14.770752778326859, -1.263530429264594]"
744228101,951777027,HVA,VISal,evaluation,point,70,47.5,400,4.9813421,-0.187026,18.9842023,55.8376325,15.9564709,19.4040967,1348.45235,1.47293082,1.62437111,False,-15.8376325,16.3697765,56.5871419,20.1591427,15.6239973,-72.5436142,1.29026793,1371.73287,1.47180055,1.62378175,0.000589358789,0.00113026498,False,False,"[0.3234438104196154, 4.829610727883754, 6.0400564147572995, 4.835524927726924, 18.98420225937117, 55.8376324795042, 15.956470871014538, 19.404096677293673]","[0.3232855483983816, 4.907798881690155, 6.149879308791676, 4.9267976977215975, 16.369776522900057, 56.58714194746707, 20.159142723660935, 15.623997340580392, -1.2661249191735067]"
744228101,951777035,HVA,VISal,calibration,aperture,70,50,300,2.0294057,-3.0164521,16.1536467,40.8655699,13.2634577,12.2742698,709.018801,1.09323609,1.17173698,False,-0.865569913,,,,,,,,,,,,False,False,"[0.2005378157787229, 2.9376230792698346, 3.3255292089459947, 2.887238069159513, 16.153646669726218, 40.86556991322115, 13.263457674921538, 12.27426981978029]",[]
744228101,951777035,HVA,VISal,calibration,point,70,50,300,2.0294057,-3.0164521,16.1539519,40.8013689,14.2203033,13.2622256,821.354427,1.09323648,1.17188294,False,-0.801368921,,,,,,,,,,,,False,False,"[0.20022060213963896, 2.9411053904666313, 3.3286996357537006, 2.8901985818164455, 16.153951898534974, 40.80136892142997, 14.22030334295112, 13.262225619153206]",[]
744228101,951777045,HVA,VISal,calibration,aperture,80,50,300,420.44459,124.54912,23.0856682,49.897497,16.0759428,20.0016231,1400.38362,7.37626192,7.3888506,False,-9.89749696,,,,,,,,,,,,False,False,"[5.191802020950701, 13.660458568120822, 14.440693261441586, 14.466078162988136, 23.08566824494998, 49.89749695898618, 16.075942826675288, 20.00162309043623]",[]
744228101,951777045,HVA,VISal,calibration,point,80,50,300,420.44459,124.54912,23.0824202,49.8895547,16.8555104,20.6297902,1514.40504,7.37618753,7.38882145,False,-9.88955473,,,,,,,,,,,,False,False,"[5.1909565294120705, 13.66688803770108, 14.450440450242215, 14.47453310908041, 23.082420198240357, 49.889554734172116, 16.855510350496953, 20.62979020473954]",[]
744228101,951777050,HVA,VISal,calibration,aperture,77.143,45.714,700,329.3871,57.970058,33.2689732,60,25.3220754,25.6547934,2829.26189,0.99613448,0.989437249,True,-20,,,,,,,,,,,,False,False,"[0.23204781077805878, 0.9759083940193408, 0.958440866008796, 1.4925309929973485, 33.268973224404505, 59.999999995717964, 25.322075427487864, 25.654793408289724]",[]
744228101,951777050,HVA,VISal,calibration,point,77.143,45.714,700,329.3871,57.970058,33.2636614,60,25.8108481,26.1401181,2938.42865,0.996135309,0.989440327,True,-20,,,,,,,,,,,,False,False,"[0.23204069998491755, 0.9761977488946738, 0.9588027789064943, 1.493110984959128, 33.26366140240548, 59.99999999970334, 25.810848114170685, 26.140118127548437]",[]
744228101,951777062,HVA,VISal,calibration,aperture,75,50,400,-14.820288,-1.1484338,19.7460121,60,19.385533,23.3445801,1970.92066,3.36672029,3.42607014,True,-20,,,,,,,,,,,,False,False,"[0.8029050028032704, 23.13303815296193, 25.70175449364281, 25.987034531491908, 19.74601211283561, 59.999999999999204, 19.385533002481527, 23.34458006697676]",[]
744228101,951777062,HVA,VISal,calibration,point,75,50,400,-14.820288,-1.1484338,19.7454292,60,20.027074,23.878357,2082.70267,3.36671574,3.42601883,True,-20,,,,,,,,,,,,False,False,"[0.8024759843217777, 23.151890263900626, 25.722273559123202, 26.006799312918744, 19.745429192069864, 59.999999999986116, 20.02707399635915, 23.878357011953806]",[]
744228101,951777068,HVA,VISal,calibration,aperture,44,38,500,17.59536,16.565608,-7.26978696,27.5691558,11.7685905,9.02868841,462.758543,0.617502984,0.702037833,False,12.4308442,,,,,,,,,,,,False,False,"[0.05030215424922209, 0.6479548562753237, 0.27113019798742893, 0.21807233847592722, -7.2697869623547255, 27.569155816955668, 11.768590469592084, 9.028688410553452]",[]
744228101,951777068,HVA,VISal,calibration,point,44,38,500,17.59536,16.565608,-7.29855019,27.5758884,12.8432662,10.3789554,580.543087,0.617452526,0.701970324,False,12.4241116,,,,,,,,,,,,False,False,"[0.050254874845643324, 0.6535894385904351, 0.27324796883431507, 0.219969912059965, -7.298550190748074, 27.57588842522713, 12.843266154844349, 10.378955405506503]",[]
744228101,951777072,HVA,VISal,evaluation,aperture,75,50,200,-61.153845,-13.798526,20.8735053,59.6922888,10.9108761,16.0390997,762.157875,0.833840068,0.920471584,False,-19.6922888,20.4204666,59.4086546,15.949973,10.8974271,-87.6132208,1.46364576,756.988457,0.833984882,0.920638596,-0.00016701212,-0.000144814502,False,False,"[0.10174756513945163, 9.31345030152338, 5.460541471958177, 5.445040652759026, 20.87350532814756, 59.6922887590217, 10.910876090688985, 16.03909973563422]","[0.10189595867212914, 9.20593678659517, 5.392662305901691, 5.377825184248128, 20.420466577700484, 59.40865459578896, 15.949973040487825, 10.897427143706825, -1.5291391713728668]"
744228101,951777072,HVA,VISal,evaluation,point,75,50,200,-61.153845,-13.798526,20.8735686,59.6403945,12.0222077,16.7957655,879.405872,0.833728102,0.920281246,False,-19.6403945,20.4034821,59.3262403,16.7022078,12.0093831,-87.5132207,1.39076318,873.574422,0.833872883,0.920453584,-0.000172337984,-0.000144780925,False,False,"[0.10155282309779064, 9.350681896526652, 5.4828176004469835, 5.468545742638057, 20.873568640469546, 59.64039447608371, 12.02220774480721, 16.795765534933295]","[0.10170329665988821, 9.230405974384166, 5.407387968391524, 5.393824372106775, 20.403482053161667, 59.32624025612671, 16.70220778987745, 12.00938306491371, -1.5273938403779592]"
744228101,951777085,HVA,VISal,calibration,aperture,70,50,300,-101.48344,-15.436335,21.3561027,59.9999987,11.527217,20.6903459,1038.71774,0.723223092,0.762919837,True,-19.9999987,,,,,,,,,,,,False,False,"[0.07811888197618606, 2.863815096024847, 2.37117197954041, 3.030040888278206, 21.356102705515816, 59.99999870457004, 11.52721700780432, 20.69034592637913]",[]
744228101,951777085,HVA,VISal,calibration,point,70,50,300,-101.48344,-15.436335,21.3561658,59.9999966,12.5991916,21.2914188,1168.29525,0.723178219,0.762894653,True,-19.9999966,,,,,,,,,,,,False,False,"[0.0780271047961391, 2.8729892735743374, 2.3787260240516686, 3.0401645816432237, 21.356165803090967, 59.999996615120175, 12.599191606740744, 21.291418766694235]",[]
744228101,951777093,HVA,VISal,calibration,aperture,65,50,200,-164.21608,5.9047008,16.3198742,36.6214573,3.99085441,7.10545126,123.49884,0.204404325,0.191705481,False,3.37854266,,,,,,,,,,,,False,False,"[0.007774761089974298, 0.3049981187845375, 1.5936733333713777, 1.067561446312533, 16.319874211156247, 36.62145734106826, 3.9908544072418666, 7.105451259137218]",[]
744228101,951777093,HVA,VISal,calibration,point,65,50,200,-164.21608,5.9047008,16.1018453,36.5214756,6.40535873,8.64421251,241.142757,0.204697401,0.191232927,False,3.47852439,,,,,,,,,,,,False,False,"[0.007629138640098369, 0.3510367263305752, 1.8211839589457417, 1.230488417639355, 16.101845268200695, 36.52147561081583, 6.405358728535001, 8.644212510563916]",[]
744228101,951777120,HVA,VISal,evaluation,aperture,60,50,300,-17.907429,22.708995,10.581283,47.3517232,20.4685742,13.4634682,1200.18963,0.901112949,0.9839548,False,-7.35172323,12.1867646,47.5159205,20.7118184,13.4154254,6.59334847,1.54388085,1210.1188,0.899861063,0.985081028,-0.0011262286,0.00125188595,False,False,"[0.0848904558761608, 3.639296593821034, 5.6621428307238935, 5.948415845473205, 10.581282992696377, 47.3517232273733, 20.46857418018114, 13.463468212055629]","[0.08355474324088397, 3.6587913058208095, 5.685928627138131, 5.97576399353795, 12.186764615622408, 47.51592045787956, 20.71181835902326, 13.41542542985794, 0.11507563961535361]"
744228101,951777120,HVA,VISal,evaluation,point,60,50,300,-17.907429,22.708995,10.5818167,47.1879221,21.0797436,14.3127872,1313.99849,0.901108245,0.983950231,False,-7.18792205,12.1700902,47.3613149,21.3145663,14.2749142,6.48798596,1.49314847,1325.12038,0.899861618,0.985056973,-0.00110674195,0.00124662684,False,False,"[0.08474101929553723, 3.62794415510171, 5.644303746278533, 5.929529606111284, 10.581816709787638, 47.187922051453086, 21.079743553473797, 14.312787190532042]","[0.08339870902399091, 3.648199891790436, 5.669179882042372, 5.957976419141581, 12.170090205352109, 47.36131490855926, 21.314566280435496, 14.274914150971089, 0.11323671688901027]"
744228101,951777141,HVA,VISal,calibration,aperture,74.286,45.714,700,2387.7676,107.2494,31.8569084,-29.3727055,50,2,435.517218,2.14388525,2.28817857,True,8.14309161,,,,,,,,,,,,False,False,"[1.167698592095166, 0.4546847282290412, 0.3776077779481634, 0.551830590444053, 31.85690839307934, -29.372705473250225, 49.9999999999956, 2.000000000001749]",[]
744228101,951777141,HVA,VISal,calibration,point,74.286,45.714,700,2387.7676,107.2494,32.0876412,-28.8179485,50,6.04219336,1315.73962,2.14382876,2.28791451,True,7.91235875,,,,,,,,,,,,False,False,"[1.1667418771803284, 0.4607770884456846, 0.38604852325375677, 0.5651947811125365, 32.08764124675157, -28.817948531915235, 49.999999999722675, 6.042193360758535]",[]
744228101,951777150,HVA,VISal,evaluation,aperture,68,46,500,263.41347,42.915205,19.0681334,60,30.1794286,49.070046,6449.60039,1.15512372,1.16273792,True,-20,7.64814087,56.5307207,50,25.8395367,-67.1404073,1.93501922,5626.78156,1.14412319,1.15936164,0.00337627567,0.011000531,False,True,"[0.7374708281951342, 4.060968016906693, 3.3699816108405174, 3.0337225598166286, 19.068133371945013, 59.99999999999999, 30.179428600996513, 49.0700460004243]","[0.8559484558575711, 3.89332470939372, 3.2047467284400803, 2.821842262280842, 7.648140868922256, 56.53072068988908, 49.999999999978066, 25.839536661130598, -1.1718211679571566]"
744228101,951777150,HVA,VISal,evaluation,point,68,46,500,263.41347,42.915205,19.0661617,60,30.5907293,49.3245406,6571.40464,1.15512153,1.16273663,True,-20,7.7772973,56.1402576,50,26.2999246,-67.1073463,1.90114613,5727.035,1.14418442,1.15934405,0.00339257497,0.0109371055,False,True,"[0.7375174253875884, 4.061195896120835, 3.3701635551994213, 3.033868836297087, 19.066161719940197, 59.99999999999999, 30.590729337784126, 49.32454061044227]","[0.8569803803981633, 3.8823956190186557, 3.195381561778573, 2.813293826395529, 7.777297298226684, 56.140257626823235, 49.99999999999999, 26.299924603801056, -1.1712441452701907]"
744228101,951777169,HVA,VISal,evaluation,aperture,75,35,1600,6398.4374,68.620052,14.2396295,19.7390752,17.7883983,50,3873.57688,1.71298499,1.73068312,True,20.2609248,14.6762251,11.3691631,50,20.1709229,74.2981423,2.47881568,4392.39212,1.70655368,1.71678429,0.0138988346,0.00643131406,False,True,"[1.820555878627787, 1.1708022099630273, 1.139730735977526, 0.8687242589880746, 14.239629489020754, 19.73907524817806, 17.78839834020118, 49.99999999999996]","[1.7052113196956333, 1.236557266503522, 1.2142743610414255, 1.0254581665916247, 14.676225066933467, 11.369163088281113, 49.999999995213976, 20.170922945089757, 1.2967472110810574]"
744228101,951777169,HVA,VISal,evaluation,point,75,35,1600,6398.4374,68.620052,14.2451195,19.5861457,18.4894459,50,4026.23601,1.71301653,1.73071203,True,20.4138543,14.6593612,11.3133485,50,20.766893,74.3138977,2.40767841,4522.16973,1.7066194,1.71693611,0.0137759247,0.0063971327,False,True,"[1.8208023591168885, 1.17132107780845, 1.140150925353522, 0.8691057724747355, 14.245119520572366, 19.586145724243572, 18.489445872111276, 49.999999999999986]","[1.7064512416089697, 1.2369237220958331, 1.2142305526380597, 1.024983560117756, 14.659361238138821, 11.313348512841145, 49.999999999754664, 20.76689300413605, 1.2970221941873534]"
744228101,951777276,HVA,VISal,calibration,aperture,80,50,300,166.79398,21.448914,30.3712055,41.7435183,11.5019247,10.1787494,509.882693,0.745178593,0.823613573,False,-1.74351833,,,,,,,,,,,,False,False,"[0.12311833391283677, 2.060281669895216, 1.2810627796536158, 0.4450012522004968, 30.371205453415843, 41.7435183336068, 11.501924659847516, 10.178749410688544]",[]
744228101,951777276,HVA,VISal,calibration,point,80,50,300,166.79398,21.448914,30.3866943,41.422828,12.6242502,11.2328808,617.592582,0.74520108,0.823730039,False,-1.422828,,,,,,,,,,,,False,False,"[0.12302892505143519, 2.0544956540639188, 1.2770601949254596, 0.4438382877160391, 30.386694282892627, 41.42282799780611, 12.624250166025295, 11.232880786523616]",[]
744228101,951777280,HVA,VISal,calibration,aperture,65,50,200,156.42042,21.677857,17.6918961,53.0566618,5.63261786,2.00013238,49.0652886,0.395485035,0.438595221,False,-13.0566618,,,,,,,,,,,,False,False,"[0.040185511532081074, 15.717825970972196, 11.638701592385917, 13.71550730417737, 17.6918960805763, 53.056661750203894, 5.632617859040026, 2.0001323771364445]",[]
744228101,951777280,HVA,VISal,calibration,point,65,50,200,156.42042,21.677857,17.6793364,53.7941463,6.26650404,5.88807188,160.695515,0.39547795,0.43825854,False,-13.7941463,,,,,,,,,,,,False,False,"[0.040136864608284785, 7.806771677233472, 5.78692818141006, 6.826602805993023, 17.67933641617623, 53.79414631942452, 6.266504043744451, 5.888071880821834]",[]
744228101,951778519,HVA,VISl,evaluation,aperture,65,25,400,51.86624,46.543783,16.1615433,17.3091552,2,2,17.4206887,1.6292266,1.7273111,True,22.6908448,16.161172,17.3094015,2,2,65.4997135,1,17.4206887,1.62922713,1.72730936,1.74079674e-06,-5.33315599e-07,True,False,"[0.4771904652297009, 3.601289210193248, 1.881180868228053, 0.8464144362511655, 16.16154332252823, 17.309155189839295, 2.000000000000037, 2.0000000000000004]","[0.4771906595486796, 3.601279384468108, 1.8811498649844556, 0.8463976741860465, 16.161171963091718, 17.309401523907404, 2.000000000000012, 2.0000000000000053, 1.14318566020279]"
744228101,951778519,HVA,VISl,evaluation,point,65,25,400,51.86624,46.543783,14.8795327,15.6390448,3.66377612,3.71604094,59.2945458,1.62875702,1.7244676,False,24.3609552,15.0330869,15.4589566,3.35261975,2.96954001,-40.557577,1.12900305,43.3589553,1.62449267,1.7240825,0.000385098133,0.0042643478,False,False,"[0.4790206366779597, 18.168153306634068, 9.389679855834439, 4.3261801359239955, 14.879532660193103, 15.63904475322579, 3.6637761158075977, 3.71604094015218]","[0.47909073203888725, 35.64541812257665, 17.234798573283395, 8.814771074433905, 15.033086912941691, 15.458956584635413, 3.35261974789562, 2.9695400149950846, -0.7078632549174908]"
744228101,951778550,HVA,VISl,evaluation,aperture,17.778,21.111,900,85.325857,1127.2113,-32.0918737,8.318119,17.6651741,19.8695805,1528.66369,0.865764729,0.859460318,False,7.9081263,-32.4807081,10.4338974,22.9423146,15.7777819,-53.73766,1.45408998,1576.48016,0.864120366,0.860193029,-0.000732711207,0.00164436302,False,False,"[6.150753862170534, 2.035226748845174, 2.6263968978723304, 2.439306087477053, -32.09187369776486, 8.318118998591968, 17.66517407178107, 19.86958052679117]","[6.138757491663433, 2.0701619063152266, 2.63056937731548, 2.4991870841591277, -32.48070805959149, 10.433897379606629, 22.94231460310145, 15.777781937018291, -0.9378991001631878]"
744228101,951778550,HVA,VISl,evaluation,point,17.778,21.111,900,85.325857,1127.2113,-32.090392,8.3174081,18.3845607,20.5112185,1642.29075,0.865765824,0.859456677,False,7.90960797,-32.4886976,10.4343158,23.5064611,16.5908412,-53.6992931,1.41683359,1698.48214,0.864122752,0.860184971,-0.000728294437,0.00164307152,False,False,"[6.150382017320595, 2.035746711508616, 2.627057011020211, 2.440097655758897, -32.090392026714454, 8.317408098884766, 18.384560709638542, 20.511218518257447]","[6.138194144835538, 2.070522307421945, 2.6311444071759493, 2.499928807867566, -32.48869758056197, 10.434315762018592, 23.506461083931104, 16.5908411527019, -0.9372294699173045]"
744228101,951778595,HVA,VISl,evaluation,aperture,27.5,43.75,800,14.89999,16.800877,-19.9275912,31.9067115,13.1691653,11.5629472,663.181068,1.95865037,1.8241024,False,8.09328854,-19.7965785,31.8921387,13.2233256,11.5255788,9.09484393,1.14730252,663.756469,1.95791673,1.81978425,0.00431815325,0.000733647494,False,False,"[0.4947023151481713, 11.793111665805293, 13.155249496606304, 12.799525742992975, -19.927591194716797, 31.906711455018176, 13.169165268747307, 11.56294719606828]","[0.4945845082789979, 11.788282124283674, 13.14852957074515, 12.786517112394726, -19.796578452436233, 31.892138657748564, 13.22332560057985, 11.52557883138008, 0.15873497155008298]"
744228101,951778595,HVA,VISl,evaluation,point,27.5,43.75,800,14.89999,16.800877,-19.9347229,31.9075668,14.1397765,12.6527428,779.170596,1.95926474,1.82453549,False,8.09243317,-19.8067459,31.8943193,14.189025,12.6215001,8.90247003,1.12419481,779.953763,1.95855444,1.8203386,0.00419688934,0.000710300437,False,False,"[0.49297916953250354, 11.817272273464964, 13.18180404295013, 12.826511637109213, -19.934722862844634, 31.907566827759588, 14.13977653784077, 12.652742787017818]","[0.49283742915718726, 11.811631011910343, 13.174222885281152, 12.81282453553586, -19.80674587538907, 31.89431926121249, 14.189024962679483, 12.621500110594484, 0.15537741365191926]"
744228101,951778602,HVA,VISl,calibration,aperture,26,42,500,10.571224,9.8702694,-21.7581823,29.2029746,7.74161259,8.64409441,291.444769,1.30595667,1.19679513,False,10.7970254,,,,,,,,,,,,False,False,"[0.1817190245058572, 13.362995939063977, 11.614250522843092, 8.879985017655452, -21.75818232724228, 29.20297462751883, 7.741612593228224, 8.644094405976531]",[]
744228101,951778602,HVA,VISl,calibration,point,26,42,500,10.571224,9.8702694,-21.7648438,29.2029694,9.28256679,10.0842325,407.67705,1.30409972,1.19616141,False,10.7970306,,,,,,,,,,,,False,False,"[0.17963215997391288, 13.67565204806993, 11.867262954649513, 9.070395872650604, -21.764843791959876, 29.20296943314411, 9.282566789222008, 10.08423253730119]",[]
744228101,951778605,HVA,VISl,evaluation,aperture,23.333,41.111,900,161.81586,93.245565,-22.5733921,29.3330119,11.6150835,10.8771682,550.229042,3.89573086,4.22798948,False,10.6669881,-22.876571,29.4981516,14.9572093,9.55303803,-50.3588834,1.56570184,622.296567,3.88342374,4.2516741,-0.0236846161,0.012307119,False,False,"[0.9525700360753376, 2.7092983451182895, 3.3032069849182464, 2.712772441737493, -22.573392137029366, 29.33301193974204, 11.615083486607885, 10.877168204313639]","[0.9385203502544942, 2.634238894461721, 3.201294626213029, 2.657431361786903, -22.876570977165947, 29.498151629845506, 14.957209252222349, 9.553038026191457, -0.8789283221792988]"
744228101,951778605,HVA,VISl,evaluation,point,23.333,41.111,900,161.81586,93.245565,-22.5805202,29.327648,12.7085765,11.9997477,664.162502,3.89567062,4.22799546,False,10.672352,-22.8748055,29.4828837,15.767897,10.8430613,-50.2569841,1.45419237,744.613692,3.88345264,4.25166749,-0.02367203,0.0122179707,False,False,"[0.9522631571603479, 2.7234404060323985, 3.3222561830343866, 2.7279702582520406, -22.58052020221485, 29.327647974801966, 12.708576470158105, 11.999747734230048]","[0.9383389361852466, 2.6506955374250603, 3.219090356315556, 2.674120790378229, -22.874805494920224, 29.482883741503333, 15.76789700023815, 10.843061330522584, -0.8771498438507428]"
744228101,951778616,HVA,VISl,evaluation,aperture,15,40,200,6.2008577,14.631454,-45.5253296,29.2200001,16.8768379,2,147.00307,0.184384137,0.19263892,True,-5.52532962,-48.3926254,30.3531803,17.966522,2,-5.58851464,8.98326102,156.494594,0.184752372,0.189904792,0.00273412765,-0.000368234851,True,False,"[0.009937474899867432, 0.13518653274395323, 0.19704159566394172, 0.6247242883660442, -45.525329620116935, 29.220000095209762, 16.876837895736617, 2.0000000000000004]","[0.009953626303936288, 0.13807937071699614, 0.2026049691986777, 0.675180527871906, -48.3926253923766, 30.353180295017175, 17.966522032236043, 2.0000000000000004, -0.09753798081556342]"
744228101,951778616,HVA,VISl,evaluation,point,15,40,200,6.2008577,14.631454,-44.1545537,28.3589583,16.4825409,5.14492158,369.324612,0.184355471,0.194663988,False,-4.15455374,-43.3084475,29.5460087,17.4810051,4.78819877,-9.78300185,3.650852,364.538917,0.184192712,0.189744723,0.00491926539,0.000162759103,False,False,"[0.01093872660368744, 0.13846259252926982, 0.21673351248808714, 0.6929913949097662, -44.15455373838871, 28.35895826424759, 16.482540878064086, 5.144921575745638]","[0.010830726704343402, 0.13094793386851056, 0.2067714895166908, 0.7026676873732051, -43.30844749368874, 29.546008700467343, 17.481005071307735, 4.7881987749857435, -0.17074559305269865]"
744228101,951778628,HVA,VISl,calibration,aperture,20.833,37.5,1200,24.408085,30.678797,-32.7412435,23.1858751,16.95354,11.759149,868.243659,0.26226591,0.269572065,False,7.25875655,,,,,,,,,,,,False,False,"[0.01450770706328555, 0.08538746712449094, 0.13761369559477496, 0.17383784124549975, -32.741243453036475, 23.185875106631496, 16.95354004901097, 11.75914903099212]",[]
744228101,951778628,HVA,VISl,calibration,point,20.833,37.5,1200,24.408085,30.678797,-32.7193886,23.1624126,17.6348649,12.8274864,985.187813,0.262301459,0.269514263,False,7.2806114,,,,,,,,,,,,False,False,"[0.014517039873431071, 0.08556619302352671, 0.13780476108011297, 0.1744043227295279, -32.71938860250675, 23.162412612560942, 17.634864917927562, 12.827486433298908]",[]
744228101,951778650,HVA,VISl,calibration,aperture,18,34,500,12.960406,15.24902,-29.9281479,24.1240622,8.01830166,7.18366031,250.861208,0.808957101,0.817351949,False,10.0718521,,,,,,,,,,,,False,False,"[0.0822041267279133, 0.7141569545564117, 0.8892204651491294, 0.7617842001824227, -29.9281479217153, 24.12406215335657, 8.01830166284428, 7.183660312094351]",[]
744228101,951778650,HVA,VISl,calibration,point,18,34,500,12.960406,15.24902,-29.952688,23.9947067,9.59716623,8.80376911,367.973879,0.809075882,0.817082102,False,10.047312,,,,,,,,,,,,False,False,"[0.08217356802925131, 0.7322645212077717, 0.9136599113953296, 0.7822983776217421, -29.952687964566028, 23.994706691835784, 9.5971662319107, 8.80376910974716]",[]
744228101,951778692,HVA,VISl,calibration,aperture,20,37.143,700,10.929253,12.470976,-27.1787946,24.0701326,9.74204726,8.55566952,363.002455,1.37603283,1.21967019,False,12.8212054,,,,,,,,,,,,False,False,"[0.1246745773159932, 6.323744176052774, 7.489658375562003, 8.545544925266567, -27.178794617867005, 24.070132593141906, 9.74204726028979, 8.555669524565111]",[]
744228101,951778692,HVA,VISl,calibration,point,20,37.143,700,10.929253,12.470976,-27.2003981,24.0906502,11.0575906,10.0193515,482.509035,1.37579039,1.21967326,False,12.7996019,,,,,,,,,,,,False,False,"[0.12298121206619383, 6.380241255007149, 7.554338982770584, 8.617171610213124, -27.200398057838026, 24.09065018384112, 11.057590599568384, 10.019351521209407]",[]
744228101,951778696,HVA,VISl,evaluation,aperture,14,42,500,146.32919,186.97925,-38.5166772,30.4563345,16.7170385,10.2309274,744.868615,1.19232317,1.23574446,False,1.48332276,-37.624063,28.8192683,16.9962082,9.88263373,24.9832062,1.71980553,731.526512,1.19087703,1.22850931,0.00723514884,0.00144613465,False,False,"[0.3163123797725384, 1.5267210712013908, 1.334476917834807, 1.7774158553533037, -38.51667723696572, 30.456334523719853, 16.717038495968872, 10.230927426251707]","[0.3184355450361729, 1.5114682571176792, 1.3337151923286075, 1.7449381192366236, -37.624063023616486, 28.819268334396167, 16.996208153196967, 9.882633732171165, 0.4360392055204163]"
744228101,951778696,HVA,VISl,evaluation,point,14,42,500,146.32919,186.97925,-38.3135372,30.4436023,17.3361322,11.3335436,855.703403,1.19227613,1.23573197,False,1.68646283,-37.5055464,28.844402,17.6233412,11.0744062,24.7970756,1.59135766,849.990415,1.19079763,1.228686,0.00704596881,0.00147849873,False,False,"[0.3166165197250073, 1.5397763066149834, 1.3429743592301848, 1.7870322274994743, -38.31353716543801, 30.443602315229185, 17.33613218734711, 11.333543609021834]","[0.3184917083310698, 1.5230727885525144, 1.3419474468178414, 1.755108873851597, -37.50554642764183, 28.84440198344432, 17.623341175601958, 11.07440622034875, 0.4327906137365587]"
744228101,951778708,HVA,VISl,evaluation,aperture,21.25,29.375,1600,45.54853,137.87977,-30.1255807,17.8692509,17.0885385,19.2685126,1434.03068,1.38701426,1.54647932,False,9.87441934,-31.7934995,20.5870133,24.7325105,14.6829607,-49.8239998,1.6844362,1581.56544,1.38193882,1.54808246,-0.00160313357,0.00507544198,False,False,"[0.27776186055490104, 0.486315272464251, 0.9201424504021068, 0.46339202387459744, -30.125580658888758, 17.86925087920651, 17.088538459371907, 19.26851264625699]","[0.2705469856068662, 0.49756096519500487, 0.9437065206731484, 0.4816493227554029, -31.793499544475967, 20.587013336202485, 24.732510516998556, 14.682960653607761, -0.8695928423687183]"
744228101,951778708,HVA,VISl,evaluation,point,21.25,29.375,1600,45.54853,137.87977,-30.1196205,17.87709,17.8178683,19.9394915,1547.30223,1.38702226,1.54648137,False,9.88037951,-31.7882217,20.58899,25.2528136,15.5438279,-49.8713833,1.62461999,1709.51565,1.38194692,1.54810929,-0.00162791542,0.00507534004,False,False,"[0.2776939535670249, 0.4865415258332989, 0.9203647822561454, 0.4635069828041556, -30.119620494907156, 17.877090045054587, 17.817868259216983, 19.939491543745742]","[0.27044356218955556, 0.4977991486611075, 0.9439497604741953, 0.4817974379292661, -31.78822169303318, 20.5889900307831, 25.252813589894597, 15.54382789170194, -0.870419840864951]"
744228101,951778713,HVA,VISl,calibration,aperture,15,40,600,153.85368,589.60201,-35.08338,30.1167932,10.0541831,16.4526505,720.423704,3.95550274,4.29295389,False,4.91661997,,,,,,,,,,,,False,False,"[1.4176073965211788, 2.86406848199491, 3.0860217884933814, 2.5190049334582665, -35.083380034568755, 30.116793231224346, 10.054183138505186, 16.452650512886848]",[]
744228101,951778713,HVA,VISl,calibration,point,15,40,600,153.85368,589.60201,-35.0357736,30.1026499,11.2558078,17.2142121,843.85756,3.95546998,4.29303967,False,4.9642264,,,,,,,,,,,,False,False,"[1.4173427265512388, 2.8744810242570566, 3.097849388324925, 2.528222382966019, -35.0357735969747, 30.102649873097867, 11.255807757748668, 17.21421206683566]",[]
744228101,951778719,HVA,VISl,calibration,aperture,25,35,400,46.681034,40.011974,-23.1369445,23.0837032,5.73395116,6.05919388,151.312277,1.46020649,1.52988297,False,16.8630555,,,,,,,,,,,,False,False,"[0.3526133951583346, 3.087377577215974, 2.6153375030041635, 4.055000760511646, -23.136944465512013, 23.08370320716677, 5.733951156347009, 6.059193881094201]",[]
744228101,951778719,HVA,VISl,calibration,point,25,35,400,46.681034,40.011974,-23.2050758,22.9338654,7.85456281,7.76823375,265.735534,1.46007259,1.52846789,False,16.7949242,,,,,,,,,,,,False,False,"[0.3519979008622414, 3.3254112163698606, 2.8422725466172714, 4.3824882766349, -23.205075806585445, 22.933865409538587, 7.854562810731842, 7.76823375107944]",[]
744228101,951778723,HVA,VISl,calibration,aperture,20,40,900,21.551526,21.442885,-31.0535367,25.6331166,12.854206,14.4125727,806.848691,1.73198932,1.69932452,False,8.94646326,,,,,,,,,,,,False,False,"[0.35740352761722277, 2.732144679604635, 3.06978071362338, 2.9797791312211537, -31.05353673912238, 25.633116590949353, 12.854206047612704, 14.412572733434892]",[]
744228101,951778723,HVA,VISl,calibration,point,20,40,900,21.551526,21.442885,-31.0552336,25.6384761,13.834511,15.2950684,921.553527,1.73206003,1.69951432,False,8.94476636,,,,,,,,,,,,False,False,"[0.3570750928641271, 2.7371608278602766, 3.0741872816841966, 2.9842701616783507, -31.05523363908298, 25.638476062644823, 13.834511019485808, 15.29506836230388]",[]
744228101,951778739,HVA,VISl,calibration,aperture,10,35,400,407.4034,448.08931,-58.1176293,27.8444492,24.5842,26.1584457,2800.74355,0.984177322,0.978486958,False,-18.1176293,,,,,,,,,,,,False,False,"[2.3171855516477886, 4.501958568411307, 3.6934750830562835, 3.379231083746308, -58.11762930004425, 27.844449162555737, 24.584200023912906, 26.15844567992115]",[]
744228101,951778739,HVA,VISl,calibration,point,10,35,400,407.4034,448.08931,-58.1521952,27.81712,25.1046,26.6011798,2908.43614,0.984175385,0.978478811,False,-18.1521952,,,,,,,,,,,,False,False,"[2.3172448837753343, 4.507939650930616, 3.6981544664603425, 3.3838804752719964, -58.152195187002924, 27.817119964482643, 25.10459996037179, 26.60117977443489]",[]
744228101,951778747,HVA,VISl,calibration,aperture,19.091,36.364,1100,26.582699,16.331307,-26.5797499,23.4032812,8.96912883,9.35804767,365.544997,0.223757488,0.22550677,False,13.4202501,,,,,,,,,,,,False,False,"[0.01386246167249912, 0.10118807949727053, 0.2927490567885687, 0.034336191359547116, -26.579749944648654, 23.403281163704644, 8.969128825068855, 9.358047671337214]",[]
744228101,951778747,HVA,VISl,calibration,point,19.091,36.364,1100,26.582699,16.331307,-26.420998,23.3725772,10.3810316,10.5278933,475.978482,0.223925639,0.225693802,False,13.579002,,,,,,,,,,,,False,False,"[0.013906807549876837, 0.10192325265770266, 0.2978626504174371, 0.035300857187991634, -26.42099796963057, 23.37257715325113, 10.381031622645674, 10.527893346325069]",[]
744228101,951778751,HVA,VISl,evaluation,aperture,40,27,2000,47.176477,48.451699,-0.412703343,22.3858789,13.1485627,20.5603427,1177.3727,1.19301946,1.26892308,False,17.6141211,-0.366439177,19.6906139,24.9609463,12.038673,55.9398307,2.07339682,1308.71474,1.18146904,1.25778398,0.0111390987,0.0115504241,False,False,"[0.5716888849679671, 0.5668288122732194, 0.9192005403488486, 1.0427003639172217, -0.41270334259618313, 22.385878947079664, 13.148562669812877, 20.560342732631177]","[0.5405183473322718, 0.679493621313386, 0.9784252077011542, 1.0321620403828027, -0.366439176544782, 19.690613887752225, 24.96094634493798, 12.038673035528834, 0.9763342280548755]"
744228101,951778751,HVA,VISl,evaluation,point,40,27,2000,47.176477,48.451699,-0.417003812,22.3814118,14.1216313,21.1997592,1303.83047,1.19301861,1.26890515,False,17.6185882,-0.367786964,19.682017,25.4792168,13.0787279,55.9603981,1.94814182,1451.29904,1.1814695,1.25774793,0.0111572253,0.0115491145,False,False,"[0.571243000242196, 0.5680328751403126, 0.9194197176290227, 1.04322241758127, -0.4170038115746191, 22.381411781689046, 14.121631348814859, 21.199759158523598]","[0.540225325192147, 0.6810062604396515, 0.9797704982850031, 1.033458269200923, -0.36778696426012686, 19.68201695152343, 25.479216757170835, 13.078727894113909, 0.976693196760503]"
744228101,951778763,HVA,VISl,evaluation,aperture,15,25,400,11.506512,147.9096,-37.84062,16.6081232,13.0082181,6.95103923,393.797432,0.390064437,0.399655247,False,2.15937999,-37.8637475,17.1328538,13.0015842,6.81197256,-9.85255952,1.9086372,385.722074,0.390305364,0.400529727,-0.000874480865,-0.000240926634,False,False,"[0.03604163932370592, 0.1611955174589198, 0.2934725736093965, 0.8628783953265814, -37.84062001341154, 16.608123153236786, 13.008218115088207, 6.951039227969681]","[0.036302098664911964, 0.15488036025600369, 0.2932133575563334, 0.8721779309113192, -37.86374750951903, 17.132853772397244, 13.001584246850534, 6.811972560505608, -0.1719596034046047]"
744228101,951778763,HVA,VISl,evaluation,point,15,25,400,11.506512,147.9096,-37.8867437,16.5368983,14.0308879,8.84799733,540.673975,0.390066902,0.400409263,False,2.11325628,-37.9544971,17.0893661,14.0370912,8.67931755,-10.810995,1.61730357,530.600959,0.39033658,0.401219087,-0.000809824079,-0.000269677241,False,False,"[0.03567486483569124, 0.16232824801805731, 0.2962956222174641, 0.8629419460231559, -37.88674372316051, 16.53689831602848, 14.030887853898, 8.84799732756782]","[0.036039577119356875, 0.1556310978137986, 0.29725311631436, 0.8775457244477818, -37.954497074206294, 17.089366101155093, 14.037091235159322, 8.679317553663534, -0.18868745828867906]"
744228101,951778786,HVA,VISl,evaluation,aperture,13.333,35,600,38.831331,309.03719,-58.4281038,22.5470501,34.9346515,13.5159383,2056.40166,1.04980682,1.06823236,False,-18.4281038,-57.3771616,21.8362141,34.4066883,13.4446971,1.65746469,2.55912707,2014.64822,1.0494715,1.06916541,-0.000933051002,0.000335325147,False,False,"[1.0210962620617934, 4.617116903797225, 5.319472389891668, 4.891145740691719, -58.42810375617485, 22.547050069966982, 34.9346515162826, 13.515938307075805]","[1.0249778714715991, 4.561550082856056, 5.262532504555749, 4.828493634749614, -57.37716161839644, 21.836214103222268, 34.4066883231625, 13.44469710127026, 0.028928216030483567]"
744228101,951778786,HVA,VISl,evaluation,point,13.333,35,600,38.831331,309.03719,-58.3698003,22.5514965,35.2676424,14.4299817,2216.39693,1.04977037,1.06820422,False,-18.3698003,-57.3159654,21.828568,34.7436325,14.3615024,1.68974752,2.41921991,2173.10358,1.04942601,1.06915389,-0.000949670009,0.00034435525,False,False,"[1.0210299196043244, 4.6195802215515975, 5.322087463611845, 4.893997852371479, -58.36980030667656, 22.55149648776349, 35.267642383910214, 14.429981739712206]","[1.0249657772620013, 4.56429666230921, 5.265461462834684, 4.831383683194874, -57.315965391240766, 21.82856799907233, 34.7436325217019, 14.361502406782623, 0.029491657830262863]"
744228101,951778794,HVA,VISl,evaluation,aperture,15,35,400,104.18209,310.18069,-31.6695839,23.8898027,11.1745224,7.29585786,355.067287,4.05172837,3.2883973,False,8.33041611,-31.6576755,23.7046895,15.5400378,6.99385428,-22.6522363,2.22195619,473.340844,4.05051791,3.28328692,0.00511037836,0.00121045679,False,False,"[1.0237811783000936, 0.5054224057346657, 1.4160362185898998, 1.7487551872751328, -31.669583889957217, 23.88980273101511, 11.17452235828019, 7.295857857107086]","[1.016033386618323, 0.39357038035880904, 1.241933373010791, 1.6747983406799773, -31.657675461136904, 23.70468953639373, 15.540037834188437, 6.993854279035307, -0.3953561068381668]"
744228101,951778794,HVA,VISl,evaluation,point,15,35,400,104.18209,310.18069,-31.7406968,24.0161428,12.3628339,9.03626609,486.533081,4.05176737,3.28839792,False,8.25930317,-31.8079324,23.6982562,16.4035676,9.04562734,-22.453921,1.81342509,646.222884,4.050853,3.28364553,0.00475238858,0.000914374294,False,False,"[1.0233383321321012, 0.5095394839511206, 1.4262785158898974, 1.7592628856492496, -31.740696830594636, 24.016142758552355, 12.3628339080709, 9.036266087115159]","[1.0144248129726219, 0.4002243394073809, 1.231520708679915, 1.6534349105274313, -31.80793236005453, 23.698256235543397, 16.40356755705904, 9.045627341978635, -0.3918948514252478]"
744228101,951778799,HVA,VISl,evaluation,aperture,18.75,31.25,800,46.139459,318.19744,-30.9344489,21.9199417,15.8536284,13.9780313,965.117102,1.25149552,1.24480737,False,9.06555113,-31.4392655,20.558094,18.5773945,10.8457594,40.1793447,1.71287171,877.506011,1.24442171,1.24088994,0.00391742323,0.00707381498,False,False,"[0.6476909507167086, 2.101286124069017, 1.4255120807510613, 2.387839377985448, -30.93444887367434, 21.91994171850588, 15.853628381078009, 13.978031293313496]","[0.6586828860191947, 2.167572344726121, 1.5599880080972763, 2.5164786677712097, -31.439265532864418, 20.558094045923653, 18.577394515615346, 10.845759417118272, 0.7012618559208295]"
744228101,951778799,HVA,VISl,evaluation,point,18.75,31.25,800,46.139459,318.19744,-30.9079195,21.9279718,16.6234826,14.8762933,1077.0158,1.25147623,1.24481107,False,9.09208047,-31.3943566,20.5735343,19.2293879,11.970452,40.4180927,1.6064045,1002.49297,1.24433232,1.24089456,0.00391650606,0.00714390717,False,False,"[0.6475971937649979, 2.1045112695238295, 1.4277790048372434, 2.392458460546458, -30.90791953166977, 21.927971764932593, 16.62348258913549, 14.876293295588885]","[0.658597238513321, 2.174941010687064, 1.5649940803716562, 2.526324143139795, -31.394356600827034, 20.573534322898972, 19.22938786612551, 11.970451971527577, 0.7054287958525842]"
744228101,951778809,HVA,VISl,calibration,aperture,14,28,500,15.264915,98.829958,-42.1056129,17.7639215,21.4254745,10.2497872,956.424354,0.949625642,0.945707824,False,-2.10561292,,,,,,,,,,,,False,False,"[0.1694335334514023, 2.1900905992294772, 1.939510677179431, 1.611280418570941, -42.105612922270346, 17.76392146545747, 21.425474465284275, 10.249787196959426]",[]
744228101,951778809,HVA,VISl,calibration,point,14,28,500,15.264915,98.829958,-42.0199566,17.733332,21.9656053,11.4396229,1094.36001,0.94969527,0.945773757,False,-2.01995664,,,,,,,,,,,,False,False,"[0.16937485756733808, 2.1964008613287413, 1.9450958604335724, 1.6166327128596247, -42.01995664156779, 17.733331977017233, 21.96560530705403, 11.439622909602805]",[]
744228101,951778817,HVA,VISl,calibration,aperture,22,41,1000,57.974459,40.166668,-29.0876594,31.1693566,14.71114,18.284701,1171.49252,1.06050345,1.02556157,False,8.83064337,,,,,,,,,,,,False,False,"[0.2282803815308155, 1.2612439801434938, 2.0044228060000755, 0.6265134085245864, -29.087659397698665, 31.169356629332697, 14.71113999279036, 18.284701043317863]",[]
744228101,951778817,HVA,VISl,calibration,point,22,41,1000,57.974459,40.166668,-29.0960986,31.1606746,15.5847442,18.9741151,1287.85372,1.06053254,1.02559617,False,8.83932545,,,,,,,,,,,,False,False,"[0.22812184721147655, 1.2616751205154013, 2.0047519365805173, 0.6267667863562659, -29.096098622599527, 31.16067455195931, 15.584744196905959, 18.974115072346876]",[]
744228101,951778834,HVA,VISl,calibration,aperture,18.75,38.75,800,11.669233,14.399655,-25.866359,21.4131039,7.18971139,2,62.624862,0.192888986,0.216359383,True,14.133641,,,,,,,,,,,,False,False,"[0.01389378624563078, 0.10483156120120729, 0.13733247454745387, 0.15287280943301593, -25.866359024751766, 21.41310386111019, 7.189711386473894, 2.0000000000000004]",[]
744228101,951778834,HVA,VISl,calibration,point,18.75,38.75,800,11.669233,14.399655,-25.8364762,22.8145648,8.62748396,4.89158068,183.797124,0.192476261,0.217216044,False,14.1635238,,,,,,,,,,,,False,False,"[0.01423867236393239, 0.14251572373621743, 0.17426582698538912, 0.19822121084127023, -25.83647618248, 22.814564770503605, 8.627483956160306, 4.891580678546113]",[]
744228101,951778845,HVA,VISl,evaluation,aperture,10,40,300,134.30716,112.34329,-48.7639425,32.0715508,13.0140868,4.21872256,239.111241,0.244462634,0.320837335,False,-8.76394254,-53.2692554,35.6433129,14.9137195,2.87625159,-16.3691233,5.18512342,186.817765,0.244940824,0.321959845,-0.00112250984,-0.000478189826,False,False,"[0.020647197333440427, 0.16867616604324673, 0.26614539626575645, 0.28642327759930536, -48.76394253714906, 32.07155081930901, 13.014086786462224, 4.218722558301072]","[0.02100543851849455, 0.16896028931921322, 0.3341009704602979, 0.37161025925797164, -53.26925536589614, 35.643312889025985, 14.913719493016725, 2.8762515910254094, -0.2856950981069075]"
744228101,951778845,HVA,VISl,evaluation,point,10,40,300,134.30716,112.34329,-45.0782041,32.2887785,12.4549876,7.11234781,385.79946,0.24422286,0.320636459,False,-5.07820412,-48.5137017,35.7395328,14.1305237,6.2767193,-22.9274778,2.25125946,386.274727,0.244803675,0.321622061,-0.000985601884,-0.000580814809,False,False,"[0.020539905951528114, 0.15916286662572265, 0.23769836790674082, 0.25884673743097325, -45.07820411625688, 32.28877854148645, 12.454987592406251, 7.112347810055013]","[0.020931904065217076, 0.15608971226316967, 0.292715459978297, 0.3292986964139837, -48.51370174438499, 35.739532770048285, 14.130523702660062, 6.276719295158642, -0.4001599768873263]"
744228101,951778851,HVA,VISl,calibration,aperture,21.111,18.889,900,52.415371,576.38766,-21.4207876,7.27484935,17.203097,6.83089497,511.787384,1.15392759,1.10621336,False,18.5792124,,,,,,,,,,,,False,False,"[0.5226148426160114, 0.5512548755672811, 0.8990303082265934, 0.8656517101020316, -21.420787590221433, 7.274849346958753, 17.203097017409753, 6.830894974820172]",[]
744228101,951778851,HVA,VISl,calibration,point,21.111,18.889,900,52.415371,576.38766,-21.2285019,7.28883666,17.878026,8.51573604,663.05123,1.15397891,1.10628922,False,18.7714981,,,,,,,,,,,,False,False,"[0.5226433727215792, 0.5615025778820067, 0.9140843623449737, 0.8822150475884907, -21.22850194891744, 7.288836658500955, 17.87802599282386, 8.515736041410824]",[]
744228101,951778975,HVA,VISl,calibration,aperture,23.125,34.375,1600,71.983178,108.20907,-30.068972,23.9749803,25.4558236,23.4453421,2599.256,1.36836806,1.43668297,False,9.93102797,,,,,,,,,,,,False,False,"[1.095283541947915, 1.919590220137027, 2.109145517282229, 1.4021479315565548, -30.068972027378695, 23.974980346793703, 25.45582357878551, 23.445342060693008]",[]
744228101,951778975,HVA,VISl,calibration,point,23.125,34.375,1600,71.983178,108.20907,-30.0709476,23.9726427,25.9539002,23.9812083,2710.68481,1.36836787,1.43668487,False,9.92905238,,,,,,,,,,,,False,False,"[1.0951648906210836, 1.9198340403865737, 2.109470496954718, 1.4023899457341038, -30.07094761955648, 23.9726427153713, 25.953900247644267, 23.981208301248284]",[]
744228101,951779102,HVA,VISl,calibration,aperture,10,45,200,636.54333,986.74663,-44.1237884,29.3668405,9.43389636,2,82.1724859,2.1631325,2.0751273,True,-4.12378838,,,,,,,,,,,,False,False,"[0.7719319499684446, 9.040483582500157e-22, 6.514107462003776, 1.5301504894126247e-20, -44.12378837600883, 29.3668404663859, 9.43389635806295, 2.0000000000000178]",[]
744228101,951779102,HVA,VISl,calibration,point,10,45,200,636.54333,986.74663,-39.8040865,28.8807566,8.27008768,5.62936359,202.75648,2.16206797,2.07599358,False,0.195913482,,,,,,,,,,,,False,False,"[0.7731980910030345, 2.5742405011424763e-19, 6.569368943203559, 3.2557284380637473e-18, -39.80408651809175, 28.880756558921455, 8.270087681931125, 5.6293635865686]",[]
744228101,951779119,HVA,VISl,evaluation,aperture,15,30,200,12.313325,158.44866,-31.9410887,16.9033037,3.45305181,5.55500565,83.5397034,0.24436283,0.280782987,False,8.05891128,-31.195082,16.5832241,5.32914761,2.00000001,47.3790944,2.66457379,46.4187112,0.244872748,0.279685116,0.00109787091,-0.000509918448,True,False,"[0.01796251018559658, 0.1630310932794572, 0.09896571865270831, 0.17543414206216637, -31.94108871947933, 16.90330368976848, 3.4530518089692577, 5.555005652277028]","[0.018362922818735788, 0.15629910362949082, 0.08584897600438354, 0.18148051358742054, -31.195081955047268, 16.583224113057494, 5.329147613633222, 2.000000013222046, 0.8269211932476837]"
744228101,951779119,HVA,VISl,evaluation,point,15,30,200,12.313325,158.44866,-32.4236334,15.9053876,5.96808755,7.43388047,193.221784,0.244876412,0.283439003,False,7.5763666,-34.6018603,19.2253391,5.54187425,2.13756938,-69.8335445,2.59260555,51.5919825,0.243829478,0.295444761,-0.0120057578,0.00104693384,False,False,"[0.018289925240345985, 0.19450232636303008, 0.11127585820701913, 0.21505516273223854, -32.423633397490825, 15.90538763981878, 5.968087545766436, 7.433880474214015]","[0.01913092021988804, 1.1618725757266564, 0.8245751937287543, 1.0440676504170476, -34.60186026553347, 19.22533905242858, 5.541874249148326, 2.1375693807854317, -1.2188252798139119]"
744228101,951779123,HVA,VISl,calibration,aperture,20,35,600,12.427243,15.574585,-29.2135267,23.9236531,8.02693736,7.83438968,273.880034,1.16882586,1.22186279,False,10.7864733,,,,,,,,,,,,False,False,"[0.15197893062768394, 1.249500629835125, 2.0105377931706987, 1.379482262574477, -29.2135267030315, 23.92365305873359, 8.026937356851535, 7.834389682813029]",[]
744228101,951779123,HVA,VISl,calibration,point,20,35,600,12.427243,15.574585,-29.2763035,23.9394735,9.82513414,9.49287677,406.201629,1.17000748,1.22184836,False,10.7236965,,,,,,,,,,,,False,False,"[0.15095896899794115, 1.246036489291398, 2.002823674492879, 1.3727100728004105, -29.2763034992243, 23.93947350807453, 9.825134135927351, 9.49287677000839]",[]
744228101,951779128,HVA,VISl,evaluation,aperture,10,15,200,29.062043,206.60981,-51.5480449,7.23400802,5.87028768,14.5485893,371.950885,0.971520516,1.05172972,False,-11.5480449,-59.9999991,-34.8819304,29.4477709,2,69.3387195,14.7238855,256.500225,0.962769401,1.04800295,0.00372677548,0.00875111508,True,False,"[0.1528877098755688, 1.7468384266962214, 3.8967434271394144, 3.2657241332436704, -51.5480448672454, 7.234008019481774, 5.870287675629268, 14.548589262280215]","[0.1511134526007471, 2.519959868338171, 5.2904763517612015, 4.430631448705127, -59.99999911069509, -34.88193043705954, 29.447770918034283, 2.0000000000000004, 1.2101889536044004]"
744228101,951779128,HVA,VISl,evaluation,point,10,15,200,29.062043,206.60981,-40.3496557,7.22523696,4.22073739,15.3007056,281.258152,0.971491894,1.0516648,False,-0.349655657,-54.9460525,-20.8991148,24.5319588,5.85476705,71.408469,4.19008282,625.528608,0.968631717,1.05173816,-7.3355847e-05,0.00286017683,False,False,"[0.15281019075155866, 0.6293390626325484, 1.4028874649179761, 1.1754805993745356, -40.34965565721549, 7.22523695784551, 4.220737386650244, 15.300705586447995]","[0.15017092270031449, 2.2569610213711195, 4.84191788053481, 3.881571583284529, -54.94605252378246, -20.899114776893278, 24.531958813065252, 5.854767051063465, 1.2463128983589948]"
744228101,951779165,HVA,VISl,evaluation,aperture,10,30,100,36.740013,693.58214,19.9976725,-20.0118246,3.82384516,2.00000068,33.3070195,0.196082426,0.247917189,True,19.9881754,20.0000529,-20.4394075,3.82447974,2,-89.9095988,1.91223987,33.3125356,0.195951834,0.248451718,-0.000534528654,0.000130591795,True,False,"[0.01434496306335124, 0.015079662477019343, 0.0007014697188700445, 0.12081686727707285, 19.997672519723825, -20.011824616439906, 3.8238451586642466, 2.000000683489651]","[0.014220814572398646, 0.015243699185687631, 0.010704628348307273, 0.12082814884765167, 20.000052858648736, -20.439407506295364, 3.8244797447667125, 2.0000000002273737, -1.5692185280232402]"
744228101,951779165,HVA,VISl,evaluation,point,10,30,100,36.740013,693.58214,19.9997544,-20.0094636,2.03135859,2.09191216,18.506972,0.191213291,0.245266854,False,19.9905364,19.998038,-20.0071694,2.06144731,2.02454756,1.15674124,1.01822617,18.1763029,0.191212588,0.245267258,-4.03663042e-07,7.0330771e-07,False,False,"[0.014736574178982527, 0.056988757355946495, 2.476385806221411e-35, 0.27651665968131495, 19.99975441830345, -20.00946358104165, 2.031358587637453, 2.0919121573155146]","[0.014736581918658726, 0.05700986042756467, 3.1810356738514494e-17, 0.27661855193546514, 19.998038047126318, -20.007169410143387, 2.0614473130150563, 2.0245475565981903, 0.020188943172081197]"
744228101,951779171,HVA,VISl,evaluation,aperture,10,40,300,10.440467,13.692997,-39.7247003,28.2343632,8.59575004,7.58373041,283.904315,0.906387798,0.712352895,False,0.27529967,-39.6896395,27.3416137,9.69979063,6.31495285,38.581827,1.53600365,266.770499,0.90534245,0.710600272,0.00175262298,0.00104534725,False,False,"[0.12024605571786616, 2.302442204379008, 2.8145084921693297, 2.190108940963372, -39.72470032980714, 28.234363164439852, 8.59575003916615, 7.583730412161992]","[0.12137528075805644, 2.361992313100036, 2.8647622587434873, 2.1727038454351324, -39.68963948053417, 27.34161374800839, 9.699790628970215, 6.314952849678709, 0.6733799122201507]"
744228101,951779171,HVA,VISl,evaluation,point,10,40,300,10.440467,13.692997,-39.4785428,28.244129,9.85987954,9.20692024,395.358718,0.906407791,0.712528356,False,0.521457164,-39.2429009,27.4585484,10.8485866,8.06357653,42.853451,1.34538149,380.98353,0.905082,0.711434799,0.00109355723,0.00132579112,False,False,"[0.12008606092794988, 2.343756775986466, 2.859018304344838, 2.223120427894971, -39.478542836219525, 28.24412895475111, 9.859879539276818, 9.20692024343199]","[0.12128478035404597, 2.4200930514873003, 2.9218895949534813, 2.213826773918966, -39.24290089931602, 27.458548363862654, 10.848586602632155, 8.063576530080248, 0.7479338156872237]"
744228101,951779249,HVA,VISl,evaluation,aperture,10,30,300,20.079137,128.6798,-46.0661995,20.7992752,11.6506322,14.7203486,746.917985,0.76263407,0.798147789,False,-6.06619949,-50.2339715,6.08219597,26.2720625,6.85428119,58.4792981,3.83294204,784.262438,0.755811077,0.779254424,0.0188933655,0.00682299345,False,False,"[0.0842728562766752, 0.8327747508162476, 1.8985498217075887, 0.8249663782938363, -46.066199494686195, 20.79927520052753, 11.650632204377139, 14.720348616181953]","[0.08603561151049598, 1.0080231764709822, 2.1091387819135323, 0.9683963084840206, -50.23397153377877, 6.082195965778591, 26.272062521419674, 6.854281191079565, 1.02065629625359]"
744228101,951779249,HVA,VISl,evaluation,point,10,30,300,20.079137,128.6798,-45.8393988,20.7940803,12.6133989,15.5835136,856.057322,0.762659832,0.798184939,False,-5.8393988,-47.8313238,8.92936018,25.2160754,8.51500251,59.6391424,2.96137029,935.120558,0.755804104,0.779681699,0.01850324,0.00685572799,False,False,"[0.08420882578024405, 0.828955876263703, 1.889953039661284, 0.821473584442466, -45.83939879564928, 20.794080253533615, 12.61339893846776, 15.583513617171796]","[0.08563953650856668, 0.9464201558171357, 1.984330103910521, 0.9112330022228589, -47.83132380208411, 8.929360184512744, 25.216075427423572, 8.515002513501873, 1.0408993984075692]"
744228101,951779330,HVA,VISl,evaluation,aperture,25,40,1000,12.997861,23.406264,-26.0172394,27.2301896,16.7739902,7.33057903,535.525303,0.596345228,0.548578369,False,12.7698104,-26.5758889,26.8810597,18.0278418,7.23102481,12.4536706,2.49312404,567.73925,0.592956786,0.544729242,0.00384912713,0.00338844183,False,False,"[0.05715205412332217, 0.4937137771043469, 0.4628845112385172, 0.5961025244151996, -26.017239415011613, 27.23018964558004, 16.77399023200714, 7.330579030966041]","[0.056134015624868, 0.5002639295186417, 0.4655164677211275, 0.5798838445044716, -26.57588889324774, 26.881059716355303, 18.027841807373534, 7.231024812122214, 0.21735755548185498]"
744228101,951779330,HVA,VISl,evaluation,point,25,40,1000,12.997861,23.406264,-26.0590044,27.2198575,17.5783478,9.04220459,692.241628,0.596248742,0.548779492,False,12.7801425,-26.6093033,26.8801828,18.795281,9.00201977,12.4605281,2.087896,736.875498,0.59286588,0.545079857,0.00369963467,0.00338286172,False,False,"[0.056914730043246674, 0.4966185672703634, 0.46567966590219906, 0.6003529961772369, -26.05900444313009, 27.219857467030202, 17.57834782321667, 9.04220459216344]","[0.055791440343048344, 0.5019048741191633, 0.4672848390032486, 0.5824915709377698, -26.60930325972722, 26.880182764998665, 18.795281038889673, 9.00201977098546, 0.2174772417057491]"
744228101,951779347,HVA,VISl,evaluation,aperture,10,30,300,23.157404,191.70593,-44.1437416,18.4423994,13.1862234,11.8814218,682.329541,2.69656609,2.91725496,False,-4.1437416,-46.5824107,14.7652354,16.5715491,10.5806438,35.0832009,1.56621368,763.625694,2.690204,2.92134531,-0.00409035648,0.00636209071,False,False,"[0.6273947348906834, 5.91639140111395, 6.552637499135348, 6.191665288303932, -44.14374159902198, 18.442399396287236, 13.186223430724514, 11.88142180708922]","[0.6205625711496978, 6.301876313751543, 6.891799741070849, 6.392200778722032, -46.582410669144735, 14.76523535182669, 16.571549081715865, 10.58064384448242, 0.6123173675048439]"
744228101,951779347,HVA,VISl,evaluation,point,10,30,300,23.157404,191.70593,-44.1106957,18.4455691,14.1321261,12.9315556,795.909342,2.69660218,2.91719644,False,-4.11069565,-46.7944727,14.7301933,17.4165559,11.7863374,34.562301,1.47769026,894.018437,2.69039737,2.92104654,-0.00385010464,0.00620481199,False,False,"[0.6268003556994416, 5.928025047640163, 6.566678906534456, 6.204295585726806, -44.11069565489706, 18.445569059284516, 14.132126068782165, 12.93155555850658]","[0.6195420311113378, 6.348712688525434, 6.945444196919825, 6.444440585803799, -46.79447267900933, 14.730193266823667, 17.416555908752873, 11.786337351222313, 0.603225950282992]"
744228101,951779355,HVA,VISl,evaluation,aperture,10,35,200,67.329488,513.96124,-39.8883821,21.5696548,7.69577502,9.66725873,324.011955,1.30957785,1.38972132,False,0.111617949,-39.6630859,20.4712518,10.509419,6.65821542,67.2246149,1.57841379,304.748713,1.309213,1.39003143,-0.000310104146,0.000364848555,False,False,"[0.2555930620399016, 0.8198760287748105, 1.421725784844472, 1.141623260778652, -39.88838205121585, 21.569654814152067, 7.69577502081707, 9.667258729491074]","[0.2556895864280256, 0.8254991570789628, 1.3934576056018018, 1.1778253728658812, -39.6630859164088, 20.471251802398186, 10.509419017071538, 6.65821542154287, 1.173290868192458]"
744228101,951779355,HVA,VISl,evaluation,point,10,35,200,67.329488,513.96124,-39.612934,21.5870457,9.17114907,10.8709144,434.205339,1.30964379,1.38997018,False,0.387066,-39.4385678,20.5753708,11.6077384,8.46370588,68.0693866,1.37147233,427.871643,1.30925225,1.39011486,-0.000144684143,0.000391536982,False,False,"[0.2555723295103322, 0.8297926272785717, 1.438958650014746, 1.1561805429279057, -39.61293400035557, 21.587045680843207, 9.171149065411212, 10.870914446267557]","[0.255423348727696, 0.836126061790662, 1.4110782779086575, 1.1924636791719692, -39.43856777050457, 20.575370834846517, 11.607738411203973, 8.463705884617562, 1.1880349158079797]"
744228101,951779379,HVA,VISl,calibration,aperture,49.167,-6.667,2400,75.564482,1882.9749,10.5422709,-0.883809018,13.6000089,2,118.460761,3.70793785,3.3570561,True,29.4577291,,,,,,,,,,,,False,False,"[1.1632788196011397, 1.268146713421517, 0.9316111440788739, 5.651512873177679e-13, 10.542270921023931, -0.8838090176760752, 13.600008902580898, 2.0000000000000004]",[]
744228101,951779379,HVA,VISl,calibration,point,49.167,-6.667,2400,75.564482,1882.9749,10.3260101,-1.45639286,12.2814535,2.00027524,106.990411,3.70390441,3.35241497,False,29.6739899,,,,,,,,,,,,False,False,"[1.176910322632858, 2.5620571762574262, 1.356354334180635, 8.348781324081717e-25, 10.326010067659752, -1.4563928585918948, 12.281453506694932, 2.000275242549725]",[]
744228101,951779416,HVA,VISl,evaluation,aperture,20,30,100,7.5083037,8.7085089,-27.5815496,20.0595458,2.03999498,2,17.7690588,0.164475257,0.16031617,True,12.4184504,-27.5771304,20.060689,2.05209894,2,-4.16551141,1.02604947,17.8744884,0.164475396,0.160315149,1.02073015e-06,-1.38996671e-07,True,False,"[0.010133434019020891, 0.014368765867569157, 0.5581990943573379, 0.046602705404450585, -27.581549640859997, 20.05954579525335, 2.0399949788277123, 2.0000000000000004]","[0.010129295958666684, 0.01436425985062585, 0.5584731533288126, 0.046665033162358455, -27.577130409844415, 20.06068898418422, 2.0520989403306635, 2.0000000001227383, -0.07270188913162023]"
744228101,951779416,HVA,VISl,evaluation,point,20,30,100,7.5083037,8.7085089,-26.5371893,20.2412551,6.08612341,4.97918483,131.978848,0.16439533,0.163248509,False,13.4628107,-29.4227063,23.8825338,6.44115352,2.5314883,-11.6925921,2.5444137,71.0141519,0.163466519,0.16587926,-0.0026307514,0.000928810722,False,False,"[0.010534503549455114, 0.018747431713086894, 0.8206983235228201, 0.05615599803191911, -26.53718933419683, 20.24125509505539, 6.086123410623879, 4.9791848322235985]","[0.010810588922182743, 0.05521915032460097, 2.216134475227902, 0.15391338243529282, -29.422706275981902, 23.882533804202385, 6.4411535206675, 2.5314883015511547, -0.20407423048591444]"
744228101,951779470,HVA,VISl,calibration,aperture,12.5,20,400,28.719178,254.3645,-36.0253302,11.0269697,10.6756626,12.4265007,577.762054,0.535851004,0.607157252,False,3.97466979,,,,,,,,,,,,False,False,"[0.047339638452211334, 0.3238242949046577, 0.15980983129816265, 0.2562887058433394, -36.025330214863374, 11.026969685769915, 10.675662552364058, 12.426500687526747]",[]
744228101,951779470,HVA,VISl,calibration,point,12.5,20,400,28.719178,254.3645,-36.0894962,11.0292718,11.9215292,13.4996613,700.906633,0.535877767,0.607231394,False,3.9105038,,,,,,,,,,,,False,False,"[0.047230488772865294, 0.32348966655697203, 0.1602985704306258, 0.2564708215735926, -36.08949620133385, 11.029271789209163, 11.92152920019477, 13.499661335723165]",[]
